        5.5090000000       290.3940000000       101.5670000000      0
        6.4480000000       261.0220000000        58.1460000000      1
        6.1820000000       353.6410000000       119.9490000000      2
        7.5830000000       287.1790000000       123.0310000000      3
       15.0480000000       244.1550000000       112.7510000000      4
       15.2060000000       265.5570000000       110.0160000000      5
       17.6150000000       283.4290000000        80.1380000000      6
       17.8370000000       300.1890000000       117.8940000000      7
       19.5380000000       267.6360000000       124.7950000000      8
       20.8610000000       327.7900000000       113.1840000000      9
       23.0590000000       332.3200000000        80.8660000000     10
       23.6540000000       271.2570000000       103.3390000000     11
       23.8000000000       273.6900000000        75.1020000000     12
       24.7020000000       257.2970000000       110.5170000000     13
       24.5750000000       338.7810000000       112.3200000000     14
       26.4330000000       253.6410000000       123.4850000000     15
       26.8490000000       347.5090000000       116.4360000000     16
       27.4470000000       376.0380000000        94.0700000000     17
       28.0260000000       278.6570000000       100.2030000000     18
       31.5350000000       249.9300000000       116.3600000000     19
       32.9830000000       264.2260000000       112.5640000000     20
       33.5600000000       251.1800000000        47.7250000000     21
       33.3380000000       351.3810000000        82.4680000000     22
       34.1460000000       334.4220000000       105.5890000000     23
       34.7770000000       409.8980000000       103.6030000000     24
       35.9710000000       337.6880000000        91.2260000000     25
       37.1850000000       245.1160000000        94.3800000000     26
       39.6020000000       275.9590000000       116.6230000000     27
       40.2020000000       390.2040000000       101.1200000000     28
       41.0000000000       274.2210000000        88.4510000000     29
       41.1920000000       220.7920000000        70.7200000000     30
       42.3720000000       268.9720000000        65.5200000000     31
       42.6360000000       263.1450000000        94.3310000000     32
       42.7540000000       276.0300000000       108.9680000000     33
       43.1870000000       300.5370000000       112.3290000000     34
       45.9790000000       311.9550000000        83.8310000000     35
       46.2600000000       253.8570000000        87.9860000000     36
       47.5350000000       263.8300000000       105.4060000000     37
       47.7930000000       377.8940000000        94.8860000000     38
       48.3340000000       219.6540000000        72.5820000000     39
       48.7820000000       376.1170000000        82.2660000000     40
       48.6700000000       435.9240000000        95.1080000000     41
       49.5270000000       331.9040000000        99.3910000000     42
       51.3850000000       267.4730000000       109.4460000000     43
       53.6700000000       471.4250000000       102.8380000000     44
       54.0950000000       375.9470000000        68.7810000000     45
       55.8450000000       319.5810000000        99.3480000000     46
       57.1580000000       252.3020000000        46.7320000000     47
       57.0370000000       292.1640000000       103.0670000000     48
       56.9550000000       306.9950000000        99.2200000000     49
       59.9480000000       302.3440000000       109.0440000000     50
       59.5540000000       351.7980000000        88.4200000000     51
       59.7330000000       363.4820000000        88.7450000000     52
       59.8890000000       459.1300000000       100.5620000000     53
       60.4020000000       230.4450000000        56.0970000000     54
       60.3820000000       388.5660000000        83.2960000000     55
       61.0110000000       330.7010000000        78.8610000000     56
       61.8930000000       429.0460000000        75.0740000000     57
       64.2520000000       301.9800000000        83.6920000000     58
       64.3720000000       417.4330000000       101.3190000000     59
       64.6090000000       402.2170000000        91.2430000000     60
       67.2770000000       273.4870000000       102.3430000000     61
       66.9770000000       331.4250000000        94.2160000000     62
       67.5900000000       373.1120000000        94.7280000000     63
       67.8340000000       345.2850000000        30.0370000000     64
       69.0280000000       383.0150000000        74.2730000000     65
       69.0340000000       408.9720000000        30.5910000000     66
       68.9370000000       418.2140000000        31.5130000000     67
       69.4820000000       405.8350000000        59.6760000000     68
       70.6750000000       338.0520000000        95.5370000000     69
       72.0610000000       253.7970000000        51.0130000000     70
       72.8250000000       414.7850000000        31.3740000000     71
       73.3450000000       347.2580000000        75.2050000000     72
       73.5530000000       429.4820000000        91.2510000000     73
       74.0520000000       330.7100000000        95.4060000000     74
       75.0620000000       229.4410000000        61.4590000000     75
       75.0940000000       409.8690000000        70.0300000000     76
       74.7530000000       427.6900000000        74.6840000000     77
       75.5350000000       287.4280000000        80.4560000000     78
       75.6310000000       307.8020000000        34.8810000000     79
       77.3470000000       465.6140000000        90.4100000000     80
       77.5090000000       497.3800000000        89.9560000000     81
       80.4030000000       228.8450000000        52.7760000000     82
       80.8370000000       359.5890000000        89.3000000000     83
       81.1350000000       393.5750000000        50.6130000000     84
       81.3130000000       409.7260000000        92.0340000000     85
       82.3590000000       461.7980000000        78.3900000000     86
       83.7690000000       442.2270000000        92.4340000000     87
       83.5460000000       493.5070000000        77.9860000000     88
       84.2930000000       261.1460000000        93.8320000000     89
       84.1610000000       300.9110000000        91.2170000000     90
       84.6040000000       480.9720000000        90.6920000000     91
       85.5330000000       163.1080000000        97.4890000000     92
       85.4390000000       395.9930000000        88.2850000000     93
       86.1510000000       253.2000000000        45.2280000000     94
       87.6480000000       279.1390000000        94.0320000000     95
       87.9170000000       321.6490000000        34.6570000000     96
       87.7230000000       409.6150000000        87.2030000000     97
       88.3210000000       285.4260000000        23.2910000000     98
       90.2360000000       157.6160000000       120.0460000000     99
       90.3690000000       189.0300000000        76.5320000000    100
       91.1380000000       374.1580000000        83.7490000000    101
       91.6370000000       421.8680000000        81.7170000000    102
       92.2130000000       165.0580000000        86.1740000000    103
       92.0810000000       253.7440000000        44.8740000000    104
       92.7260000000       207.8680000000        54.8330000000    105
       93.5250000000       469.2300000000        82.7910000000    106
       93.6800000000       368.6310000000        69.7110000000    107
       94.5360000000       336.7550000000        87.5940000000    108
       95.3880000000       267.0040000000        88.8030000000    109
       95.3980000000       448.1810000000        81.0830000000    110
       95.5350000000       321.1320000000        35.2330000000    111
       96.6450000000       406.5100000000        93.6860000000    112
       97.7170000000       496.2760000000        79.2640000000    113
       98.3100000000       308.2550000000        87.9380000000    114
       98.9940000000       339.4010000000        30.5770000000    115
       99.2870000000       193.4170000000        56.5860000000    116
       99.4610000000       230.2660000000        50.2320000000    117
       99.2990000000       361.6130000000        89.5960000000    118
      100.0810000000       260.0770000000        36.2770000000    119
      100.2790000000       159.3360000000       122.1070000000    120
      100.5950000000       456.8370000000        78.3590000000    121
      101.8950000000       397.0340000000        79.5400000000    122
      102.1770000000       170.7050000000        53.0130000000    123
      102.0280000000       419.9600000000        88.8570000000    124
      102.8760000000       375.5260000000        26.9500000000    125
      103.2770000000       411.7750000000        88.9190000000    126
      103.7530000000       308.6050000000        24.6910000000    127
      104.0370000000       331.9240000000        28.0450000000    128
      104.8060000000       426.0630000000        88.7060000000    129
      105.1840000000       327.1770000000        50.8620000000    130
      105.5130000000       488.7960000000        73.3680000000    131
      106.2480000000       172.6650000000        88.4860000000    132
      106.7330000000       273.5670000000        36.6580000000    133
      106.7210000000       314.9090000000        32.9910000000    134
      107.3520000000       162.6850000000       113.9030000000    135
      108.1240000000       180.9030000000        99.8750000000    136
      108.0860000000       419.5290000000        50.8930000000    137
      108.7610000000       138.7760000000       113.1760000000    138
      109.5150000000       179.9270000000        94.1990000000    139
      110.1720000000       228.4860000000        83.6460000000    140
      110.1080000000       413.4680000000        86.5900000000    141
      110.5920000000       149.0420000000       110.6460000000    142
      110.5650000000       464.8500000000        61.5400000000    143
      111.1930000000       390.8980000000        16.6960000000    144
      111.4450000000       434.5810000000        72.6660000000    145
      111.3370000000       528.5630000000        92.0760000000    146
      112.0350000000       475.2400000000        64.5440000000    147
      112.2920000000       290.1990000000        33.3660000000    148
      112.3230000000       413.1210000000        50.1420000000    149
      112.7330000000       347.5500000000        35.6780000000    150
      112.7300000000       493.0100000000        82.4750000000    151
      113.2830000000       345.9270000000        86.9920000000    152
      113.7530000000       226.6580000000        44.2170000000    153
      114.2610000000       441.6950000000        77.1220000000    154
      114.6660000000       152.1020000000       108.8720000000    155
      114.7650000000       190.1420000000        99.2890000000    156
      114.6370000000       225.6960000000        84.8020000000    157
      114.5680000000       251.1200000000        43.1830000000    158
      114.6280000000       421.6380000000        67.7240000000    159
      114.9620000000       237.8980000000        56.6500000000    160
      115.0270000000       262.2250000000        39.4900000000    161
      115.1390000000       282.5860000000        33.6560000000    162
      115.6050000000       277.2190000000        42.3420000000    163
      115.4380000000       318.9000000000        16.1140000000    164
      117.0940000000       173.6040000000       103.2770000000    165
      116.9100000000       363.9850000000        23.4940000000    166
      117.2720000000       308.3740000000        27.0000000000    167
      117.3920000000       481.8310000000        79.6870000000    168
      117.6570000000       393.1450000000        27.8490000000    169
      118.7070000000       206.7610000000        54.8630000000    170
      118.9020000000       265.3590000000        56.2970000000    171
      119.0630000000       429.6070000000        69.1140000000    172
      119.5150000000       384.5770000000        80.7820000000    173
      120.0550000000       158.5700000000        75.4700000000    174
      121.2980000000       169.7860000000       114.2290000000    175
      120.8620000000       511.8320000000        82.1750000000    176
      123.3920000000       268.2990000000        32.0150000000    177
      123.2850000000       380.8310000000        43.8130000000    178
      123.7620000000       393.4890000000        81.1460000000    179
      123.6750000000       457.3290000000        81.0440000000    180
      124.5470000000       240.9850000000        45.1670000000    181
      125.0980000000       407.0470000000        81.9210000000    182
      125.7800000000       357.8750000000        84.3330000000    183
      127.2860000000       352.1900000000        22.5650000000    184
      127.7370000000       285.3640000000        27.2400000000    185
      127.8940000000       270.5800000000        87.0920000000    186
      127.9580000000       383.8190000000        35.9730000000    187
      128.3350000000       198.4330000000        45.6970000000    188
      129.0880000000       157.0180000000       109.1610000000    189
      129.0960000000       376.3520000000        24.7160000000    190
      129.6940000000       262.2510000000        39.1490000000    191
      130.3720000000       211.0620000000        46.5450000000    192
      130.2180000000       437.5160000000        76.6630000000    193
      130.5340000000       478.0780000000        84.6700000000    194
      132.0930000000       214.8750000000        87.1190000000    195
      132.2980000000       332.2600000000        17.5720000000    196
      132.7830000000       253.0750000000        43.8880000000    197
      133.5090000000       144.8040000000        73.7270000000    198
      133.3530000000       310.9250000000        28.9440000000    199
      133.6150000000       454.2430000000        54.1770000000    200
      134.1410000000       146.2440000000       102.8390000000    201
      133.7910000000       240.2120000000        39.6660000000    202
      134.1270000000       272.7930000000        39.2200000000    203
      134.2750000000       322.4720000000        24.8500000000    204
      134.8940000000       501.5830000000        76.5360000000    205
      134.9520000000       539.1170000000        85.5030000000    206
      135.8490000000       350.7090000000        95.1140000000    207
      136.3080000000       373.0040000000        22.1690000000    208
      136.8310000000       291.6480000000        38.1580000000    209
      137.3660000000       160.2620000000        90.1480000000    210
      137.8030000000       301.6070000000        37.6580000000    211
      138.0740000000       245.1720000000        45.3680000000    212
      138.7240000000       166.4880000000        56.4430000000    213
      139.1910000000       228.8900000000        41.3730000000    214
      139.6110000000       280.5290000000        35.8140000000    215
      139.4430000000       355.8420000000         8.8860000000    216
      139.5480000000       457.6930000000        38.0410000000    217
      139.8720000000       349.1220000000        22.0070000000    218
      140.1790000000       420.9590000000        22.7160000000    219
      141.0770000000       260.8570000000        43.1770000000    220
      141.3770000000       292.0750000000        46.1950000000    221
      141.2150000000       474.6430000000        58.0750000000    222
      142.1040000000       179.3100000000       103.1830000000    223
      142.4980000000       292.5200000000        36.9310000000    224
      142.3610000000       406.5070000000        25.1170000000    225
      142.3380000000       482.3570000000        75.3780000000    226
      142.6160000000       395.9440000000        76.7970000000    227
      143.4310000000       313.5920000000        29.1810000000    228
      143.1220000000       461.9720000000        80.3920000000    229
      145.5960000000       187.3480000000        96.8830000000    230
      145.3530000000       399.9030000000        15.3220000000    231
      145.3810000000       419.5000000000        19.6440000000    232
      145.7800000000       170.6960000000       108.6190000000    233
      145.9640000000       288.3720000000        60.0240000000    234
      145.9050000000       427.7200000000        75.3990000000    235
      146.0370000000       522.5770000000        70.1410000000    236
      146.7650000000       210.2790000000        40.6670000000    237
      147.1340000000       358.6810000000         8.8940000000    238
      146.7330000000       576.2820000000        77.4580000000    239
      147.7380000000       496.4460000000        62.9790000000    240
      148.6760000000       169.4750000000        83.2950000000    241
      149.0040000000       492.8630000000        75.1550000000    242
      149.6590000000       159.9840000000       109.2360000000    243
      149.5560000000       216.0840000000        39.8620000000    244
      149.7660000000       232.4030000000        44.2700000000    245
      149.5740000000       269.1820000000        65.6120000000    246
      149.7830000000       306.3200000000        67.2590000000    247
      151.2560000000       399.3820000000        15.6940000000    248
      151.5860000000       125.0400000000       125.7240000000    249
      151.9440000000       172.8230000000        93.2110000000    250
      152.5940000000       318.9480000000        20.3580000000    251
      152.5210000000       512.2320000000        73.9670000000    252
      152.8070000000       288.3770000000        42.6240000000    253
      153.8720000000       145.1350000000        94.1330000000    254
      153.6190000000       552.2030000000        74.0570000000    255
      154.6560000000       201.6140000000        89.5680000000    256
      154.5400000000       477.5550000000        36.7560000000    257
      155.8640000000       479.8910000000        75.2630000000    258
      156.0630000000       143.4580000000       104.6930000000    259
      156.1670000000       237.9060000000        37.9950000000    260
      156.4230000000       306.8520000000        67.1330000000    261
      157.0790000000       135.8080000000       106.6910000000    262
      156.8810000000       397.2700000000        17.3230000000    263
      157.0230000000       451.8600000000        32.1230000000    264
      157.3590000000       171.2430000000        42.9990000000    265
      157.4450000000       524.0390000000        68.0650000000    266
      157.5930000000       541.1160000000        72.6250000000    267
      157.9540000000       315.3040000000        21.0660000000    268
      158.4990000000       239.3260000000        57.0980000000    269
      158.4780000000       407.6930000000        20.7790000000    270
      158.9800000000       272.5300000000        46.2390000000    271
      159.0040000000       564.0200000000        60.1190000000    272
      159.4370000000       473.6730000000        16.6390000000    273
      159.7800000000       279.8740000000        47.1690000000    274
      159.8140000000       332.9570000000         6.2870000000    275
      159.9340000000       348.2550000000        72.9670000000    276
      160.7310000000       429.9370000000        78.5340000000    277
      160.9850000000       199.8300000000        43.9980000000    278
      161.1910000000       414.7220000000        14.6950000000    279
      161.7050000000       178.3150000000        45.1890000000    280
      161.4590000000       215.0960000000        40.6490000000    281
      161.4910000000       257.1320000000        65.1900000000    282
      161.5940000000       419.1250000000        20.3500000000    283
      163.2050000000       314.4960000000        40.2920000000    284
      162.9100000000       415.8410000000        42.9320000000    285
      163.9870000000       279.2960000000        59.3990000000    286
      164.3910000000       281.0730000000        47.3380000000    287
      164.7370000000       335.1990000000        27.0490000000    288
      165.0450000000       474.7360000000        84.8670000000    289
      164.8800000000       488.2090000000        61.3410000000    290
      165.1470000000       308.5530000000        56.0170000000    291
      167.0700000000       241.2030000000        42.9560000000    292
      167.7380000000       205.1510000000        40.8570000000    293
      167.5250000000       509.5410000000        16.5680000000    294
      168.0540000000       557.6170000000        21.5740000000    295
      168.4230000000       132.5250000000        66.2670000000    296
      168.4940000000       303.5110000000        45.1620000000    297
      168.6040000000       521.9400000000        58.6950000000    298
      168.9590000000       152.6210000000       105.8850000000    299
      169.2170000000       201.8850000000        22.3950000000    300
      169.4680000000       393.5050000000        21.6370000000    301
      169.9570000000       155.8050000000       114.3230000000    302
      169.9940000000       254.2300000000        52.5250000000    303
      170.4370000000       240.7840000000        53.1010000000    304
      170.2520000000       353.6260000000        20.4370000000    305
      170.5520000000       513.7880000000        62.9020000000    306
      171.1120000000       222.5050000000        39.3640000000    307
      171.2380000000       180.0040000000        33.4460000000    308
      171.2390000000       550.2270000000        75.4820000000    309
      171.9440000000       316.8210000000        45.9480000000    310
      172.5140000000       555.9620000000        56.7070000000    311
      173.8240000000       406.0360000000        13.6220000000    312
      173.9910000000       251.6600000000        68.5740000000    313
      173.9120000000       416.0210000000        19.1300000000    314
      174.7080000000       195.4590000000        90.5660000000    315
      175.5710000000       205.3730000000        20.6960000000    316
      176.3670000000       253.2320000000        51.9670000000    317
      176.7260000000       215.6060000000        36.9210000000    318
      176.8210000000       590.9970000000        65.7100000000    319
      177.4390000000       492.0530000000        77.7810000000    320
      177.3670000000       535.2180000000        77.8010000000    321
      178.4960000000       510.6470000000        72.6640000000    322
      179.1630000000       258.5200000000        70.1390000000    323
      179.8580000000       145.4260000000        80.4110000000    324
      179.7250000000       310.5010000000        32.8840000000    325
      180.4160000000       395.9240000000        10.8480000000    326
      180.9560000000       242.2580000000        37.3700000000    327
      180.8790000000       385.3530000000        11.4110000000    328
      181.5490000000       130.3390000000       122.5910000000    329
      181.9030000000       237.3890000000        35.4640000000    330
      181.8470000000       456.7880000000        22.1860000000    331
      182.0040000000       552.3360000000        72.0600000000    332
      182.2370000000       289.5360000000        22.5700000000    333
      182.2380000000       421.8000000000        22.2360000000    334
      182.7780000000       167.7630000000        51.5930000000    335
      183.4390000000       154.7930000000        97.8430000000    336
      183.4370000000       306.8710000000        26.0220000000    337
      183.3540000000       507.1230000000        65.1100000000    338
      183.4060000000       523.2790000000        71.2730000000    339
      183.1610000000       526.3790000000        20.1080000000    340
      183.6560000000       175.5930000000        26.7360000000    341
      184.0820000000       166.5320000000        95.5660000000    342
      184.2590000000       359.0630000000        79.3820000000    343
      184.6770000000       114.8370000000        75.1360000000    344
      185.2630000000       406.3520000000        16.5240000000    345
      185.1680000000       424.2030000000        77.8100000000    346
      185.6210000000       526.8060000000        60.3050000000    347
      185.8470000000       586.8410000000        50.4450000000    348
      186.1330000000       332.1290000000        45.1700000000    349
      186.3170000000       484.8300000000        72.6520000000    350
      186.4040000000       115.4660000000        89.2140000000    351
      187.0250000000       569.3420000000        77.8680000000    352
      187.5970000000       191.6830000000        19.2160000000    353
      187.3800000000       254.2750000000        53.9480000000    354
      187.8520000000       485.9050000000        58.9750000000    355
      188.5800000000       313.5250000000        28.2350000000    356
      188.7130000000       126.2680000000       101.2940000000    357
      189.8440000000       127.5870000000       109.8390000000    358
      190.1700000000       361.1380000000        75.3520000000    359
      190.3080000000       456.7850000000        73.5120000000    360
      190.5460000000       170.4580000000        89.5620000000    361
      190.7960000000       316.6510000000        13.3100000000    362
      191.3470000000       342.7630000000        42.3960000000    363
      192.0600000000       461.0030000000         8.5260000000    364
      192.0440000000       492.2210000000        30.4570000000    365
      192.6360000000       554.6800000000        52.0670000000    366
      193.3400000000       142.7880000000        77.9580000000    367
      193.8870000000       572.0290000000        71.3980000000    368
      194.2490000000       454.1750000000        30.1970000000    369
      194.4850000000       513.3400000000        73.6410000000    370
      195.1380000000       519.4370000000        37.9860000000    371
      196.4660000000       346.5100000000        43.5890000000    372
      196.4330000000       429.2590000000        26.9140000000    373
      196.7550000000       359.6110000000        33.4850000000    374
      198.6300000000       103.8940000000       104.1370000000    375
      198.7840000000       150.3400000000        92.7010000000    376
      198.3560000000       486.6700000000        71.1980000000    377
      199.1280000000       334.7380000000        19.9760000000    378
      199.6730000000       330.4230000000        32.7090000000    379
      200.8090000000       438.0520000000        17.0100000000    380
      201.4640000000       140.4570000000        97.1580000000    381
      201.1250000000       523.9890000000        75.2380000000    382
      201.8230000000       220.3780000000        31.2050000000    383
      202.0020000000       366.1430000000        17.1320000000    384
      202.2010000000       185.2440000000        87.2920000000    385
      202.1310000000       540.7130000000        71.3290000000    386
      202.6450000000       453.0010000000         8.8810000000    387
      203.0310000000       347.3310000000        34.1590000000    388
      203.7620000000       335.5700000000        31.7550000000    389
      204.9990000000       614.1990000000        76.2200000000    390
      205.7100000000       601.0760000000        21.1330000000    391
      206.4670000000       192.0710000000        86.7140000000    392
      206.2510000000       386.0930000000        22.2900000000    393
      206.5400000000       429.5370000000        11.0290000000    394
      206.2000000000       548.5350000000        70.2260000000    395
      207.2690000000       164.7890000000        32.3230000000    396
      207.4610000000       622.7530000000        62.8480000000    397
      208.7640000000       117.9110000000       100.5160000000    398
      209.8560000000       533.4770000000        39.3590000000    399
      209.8540000000       579.0600000000        70.4200000000    400
      210.5200000000       109.6220000000        47.5230000000    401
      210.6280000000       240.0380000000        40.8000000000    402
      210.4280000000       364.3630000000        68.2430000000    403
      210.8020000000       530.9060000000        51.6520000000    404
      211.1120000000       613.7470000000        63.9200000000    405
      211.5700000000       329.5780000000        27.1820000000    406
      211.7630000000       607.7940000000        19.8300000000    407
      212.2400000000       256.8320000000        46.9160000000    408
      212.4120000000       426.9200000000        11.0070000000    409
      213.0990000000       415.7880000000        43.7630000000    410
      213.0850000000       605.4480000000        75.7790000000    411
      213.4210000000       519.6070000000        48.0080000000    412
      213.6550000000       136.9480000000        83.2560000000    413
      213.6480000000       462.2420000000        20.4670000000    414
      214.5630000000       485.4770000000        23.4120000000    415
      215.2900000000       251.6160000000        67.9400000000    416
      216.1350000000       124.5050000000        96.5440000000    417
      215.9710000000       380.8980000000        19.4080000000    418
      216.0170000000       439.4400000000        15.2860000000    419
      216.6370000000       154.4460000000        96.1200000000    420
      217.1480000000       230.9500000000        70.2200000000    421
      217.6640000000       535.4490000000        62.1590000000    422
      218.0260000000       340.4450000000        41.8500000000    423
      218.5750000000       113.0710000000       117.8970000000    424
      218.3780000000       189.4550000000        30.5130000000    425
      218.4970000000       450.6770000000        18.7900000000    426
      218.7540000000       185.6480000000        56.9820000000    427
      218.7040000000       185.9710000000        86.4460000000    428
      219.0220000000       415.8400000000        12.3480000000    429
      219.1720000000       171.7140000000        37.8260000000    430
      219.4240000000       254.0000000000        29.5910000000    431
      219.5170000000       433.2260000000         8.8670000000    432
      219.5930000000       213.6100000000        28.0820000000    433
      220.9160000000       128.5720000000        61.8520000000    434
      220.5050000000       359.7850000000        22.2130000000    435
      220.9860000000       493.0340000000        22.0570000000    436
      221.1270000000       519.7600000000        17.8110000000    437
      221.6420000000       429.2730000000        15.5910000000    438
      222.2160000000       609.6570000000        53.0920000000    439
      222.5950000000       252.1570000000        69.0780000000    440
      223.8960000000       119.2480000000       109.0570000000    441
      223.7200000000       244.9130000000        80.2920000000    442
      223.7750000000       265.1960000000        30.6930000000    443
      224.1000000000       450.1360000000        15.1230000000    444
      224.7180000000       360.0070000000        46.1880000000    445
      225.2070000000       273.2310000000        38.6080000000    446
      225.4520000000       374.2830000000        55.0460000000    447
      225.1310000000       386.1990000000        22.2680000000    448
      225.9360000000       497.5270000000        12.2580000000    449
      226.5400000000       223.5780000000        27.4140000000    450
      227.3330000000       231.6560000000        26.8310000000    451
      227.3270000000       367.5120000000        37.5390000000    452
      228.0030000000       102.8870000000        94.1250000000    453
      228.3630000000       411.8080000000        20.6090000000    454
      228.9700000000       261.1580000000        39.4230000000    455
      229.0380000000       576.8720000000        67.8110000000    456
      229.3890000000       379.1820000000        42.1410000000    457
      229.7910000000       136.1820000000        75.1120000000    458
      230.1150000000       634.0930000000        74.6620000000    459
      231.0810000000       352.3310000000        26.4980000000    460
      231.6970000000       366.3140000000        38.7240000000    461
      232.0560000000       370.0320000000        20.5280000000    462
      232.3920000000       560.1450000000        63.6050000000    463
      233.2650000000       372.8260000000        52.9300000000    464
      233.3770000000       495.3270000000        12.9700000000    465
      234.2240000000       538.4610000000        42.8360000000    466
      233.9370000000       566.0680000000        71.4060000000    467
      234.0040000000       596.2850000000        42.1690000000    468
      234.3040000000       632.6610000000        65.4390000000    469
      234.6940000000       247.8070000000        29.5130000000    470
      234.3740000000       334.7790000000        30.3620000000    471
      234.9610000000       192.9480000000        34.8930000000    472
      234.7950000000       476.7680000000        20.0890000000    473
      235.2030000000       575.8050000000        65.4660000000    474
      235.4640000000       146.1060000000        98.4790000000    475
      235.4880000000       181.2350000000        25.6480000000    476
      235.6840000000       544.0230000000        66.5640000000    477
      235.8450000000       346.6680000000        25.5850000000    478
      236.3200000000       143.7010000000        76.7500000000    479
      236.5690000000       415.2490000000        16.8590000000    480
      237.0300000000       162.6490000000        86.1570000000    481
      237.2080000000       457.7560000000        10.6720000000    482
      238.0410000000       170.3090000000        55.9090000000    483
      238.3900000000       201.5530000000        27.0430000000    484
      238.4160000000       282.8370000000        37.3050000000    485
      238.1850000000       502.6790000000         7.9060000000    486
      238.5080000000       490.9170000000        76.7950000000    487
      239.5300000000       393.9600000000        37.4500000000    488
      240.2720000000       274.2070000000        37.6670000000    489
      240.2520000000       376.8050000000        31.8710000000    490
      240.2250000000       581.7140000000        57.1970000000    491
      240.4360000000       113.4110000000        85.4690000000    492
      240.6870000000       150.3530000000        26.9520000000    493
      240.5460000000       193.8980000000        25.6410000000    494
      241.0280000000       629.0300000000        66.9670000000    495
      242.1300000000       169.4810000000        87.6810000000    496
      242.5250000000       455.0980000000        35.4220000000    497
      243.0440000000       132.0760000000        93.5870000000    498
      242.8350000000       261.6520000000        38.9550000000    499
      242.9400000000       629.7750000000         5.3720000000    500
      243.4990000000       138.2720000000       103.2620000000    501
      243.4230000000       468.5540000000        65.2040000000    502
      243.2410000000       562.4500000000        68.2430000000    503
      244.2840000000       164.6070000000        32.1510000000    504
      244.3330000000       336.3440000000        24.1970000000    505
      244.1210000000       500.0690000000        10.1660000000    506
      244.9980000000       408.8060000000        50.6980000000    507
      246.5830000000       285.6820000000        18.5730000000    508
      246.5650000000       364.9790000000        24.9920000000    509
      246.9690000000       428.6360000000        14.9640000000    510
      247.2210000000       533.4850000000        65.6860000000    511
      247.6350000000       158.7800000000        34.6630000000    512
      247.6490000000       268.3510000000        53.0960000000    513
      248.1080000000       282.7320000000        46.6190000000    514
      247.9030000000       654.4770000000        54.8660000000    515
      249.0810000000       395.6340000000        23.3950000000    516
      249.8140000000       172.6050000000        40.4490000000    517
      249.5430000000       585.9820000000        55.7220000000    518
      250.3690000000       127.2130000000        94.2190000000    519
      250.4650000000       544.3900000000        28.6160000000    520
      251.6180000000       269.9430000000        34.4800000000    521
      251.7230000000       555.6270000000        11.2550000000    522
      252.5410000000       175.5910000000        86.0470000000    523
      252.4860000000       425.0210000000        14.2750000000    524
      252.3820000000       636.0340000000        75.7790000000    525
      253.0930000000       255.8020000000        26.6470000000    526
      253.0180000000       459.2570000000         8.0730000000    527
      253.6040000000       201.6990000000        11.8980000000    528
      253.3260000000       382.4780000000        45.1020000000    529
      254.4440000000       105.5450000000       106.0610000000    530
      254.3590000000       384.0530000000        33.8490000000    531
      254.8370000000       197.8270000000        84.8300000000    532
      255.3350000000       261.8150000000        47.5290000000    533
      255.9880000000       271.9420000000        57.7170000000    534
      256.9110000000       232.7720000000        20.4260000000    535
      256.7800000000       519.0860000000         8.5880000000    536
      256.9400000000       198.4800000000        25.1640000000    537
      257.6290000000       647.1910000000        56.3900000000    538
      257.9710000000       283.5860000000        50.1760000000    539
      258.1140000000       409.3860000000        51.4460000000    540
      258.5710000000       144.6960000000        75.4710000000    541
      258.6620000000       406.9570000000        35.4700000000    542
      258.4240000000       589.6010000000        58.6840000000    543
      259.2970000000       501.4560000000        12.8670000000    544
      259.8360000000       459.4490000000         9.0280000000    545
      259.8090000000       474.4770000000        15.6860000000    546
      260.5720000000       279.6430000000        57.7740000000    547
      260.1850000000       286.8720000000        47.0950000000    548
      260.5000000000       656.4000000000        65.8650000000    549
      260.7110000000       520.0270000000        64.9800000000    550
      260.6560000000       532.7410000000        45.5510000000    551
      260.9180000000       545.3860000000        25.8210000000    552
      261.5060000000       278.9590000000        35.8380000000    553
      261.7270000000       108.5610000000        80.2610000000    554
      261.7240000000       386.6540000000        34.7620000000    555
      261.7860000000       403.1450000000        15.7110000000    556
      262.5080000000       144.1300000000        82.0280000000    557
      263.4340000000       130.8910000000        91.7140000000    558
      264.1870000000       574.2460000000        57.4640000000    559
      264.9080000000       493.4300000000        17.7870000000    560
      265.5000000000       265.4130000000        71.8850000000    561
      265.5800000000       291.6640000000        37.4320000000    562
      265.3060000000       486.6030000000         9.3910000000    563
      265.8830000000       388.9910000000        42.8480000000    564
      266.2280000000       134.9850000000        70.6850000000    565
      266.9020000000       159.6300000000        82.2480000000    566
      266.7960000000       544.2330000000        22.6210000000    567
      267.5690000000       154.1740000000        86.8020000000    568
      268.6570000000       102.1300000000        93.3530000000    569
      268.7240000000       124.2660000000        92.1030000000    570
      268.7700000000       466.7370000000         9.4010000000    571
      269.7190000000       600.8230000000        50.2430000000    572
      269.5220000000       602.5120000000        56.8560000000    573
      270.0100000000       560.5250000000        28.6840000000    574
      270.5220000000       282.0560000000        42.4120000000    575
      271.4730000000       195.5460000000        81.4370000000    576
      272.0630000000       422.2480000000         2.9910000000    577
      272.7220000000       167.9970000000        73.0470000000    578
      272.8220000000       263.2150000000        28.3230000000    579
      272.7940000000       491.5480000000        10.3430000000    580
      273.5080000000       183.8070000000        31.2280000000    581
      273.8560000000       427.5740000000        33.9930000000    582
      274.1190000000       194.4110000000        29.2920000000    583
      274.1730000000       213.0840000000        21.8520000000    584
      274.1990000000       220.8870000000        20.0720000000    585
      274.8600000000       249.8020000000         7.5350000000    586
      274.5450000000       288.9750000000        47.9300000000    587
      274.5050000000       306.6510000000        31.2620000000    588
      274.7780000000       533.9700000000        62.9000000000    589
      275.8120000000       428.3970000000         3.2100000000    590
      275.6260000000       438.8280000000        36.8580000000    591
      276.3920000000       137.6700000000        88.3650000000    592
      276.5180000000       235.3880000000         7.7460000000    593
      277.6500000000       156.8280000000        83.6410000000    594
      277.8430000000       407.4170000000        27.9980000000    595
      278.0810000000       452.4250000000         3.7310000000    596
      278.3430000000       419.1950000000         2.6270000000    597
      279.0450000000       236.0190000000        19.3480000000    598
      279.2770000000       474.5470000000        73.7520000000    599
      279.6880000000       129.6030000000        81.7820000000    600
      279.5580000000       163.3270000000        43.4370000000    601
      279.9240000000       251.9940000000         7.3080000000    602
      279.9290000000       420.6390000000        14.2220000000    603
      280.1470000000       582.1900000000        69.2500000000    604
      280.8740000000       464.5050000000        13.7350000000    605
      281.1290000000       360.2550000000        21.9900000000    606
      281.0830000000       595.6100000000        65.7840000000    607
      282.2210000000       205.6160000000        20.3050000000    608
      281.9920000000       380.6700000000        21.7140000000    609
      282.2360000000       547.5340000000        17.2290000000    610
      283.0440000000       397.6000000000        25.4540000000    611
      282.9080000000       408.7960000000        17.3250000000    612
      283.4100000000       301.0930000000        28.2010000000    613
      283.7960000000       528.0310000000        20.5810000000    614
      284.4310000000       270.3470000000        46.0580000000    615
      284.8930000000       582.9560000000        26.2550000000    616
      285.1130000000       232.6680000000        16.1500000000    617
      285.2530000000       276.7730000000        26.7670000000    618
      287.4910000000       162.0370000000        68.4040000000    619
      289.1020000000       107.8280000000        84.0610000000    620
      289.4540000000       216.5970000000        68.5900000000    621
      289.3420000000       480.4230000000         8.8180000000    622
      289.8120000000       224.7050000000        22.1340000000    623
      289.7180000000       419.0290000000        32.2970000000    624
      289.9640000000       437.5910000000        39.0800000000    625
      290.2300000000       124.8270000000        85.0150000000    626
      291.0210000000       112.8610000000        95.6520000000    627
      291.7730000000       275.0920000000        36.6710000000    628
      291.7150000000       451.9460000000         9.1480000000    629
      292.0690000000       584.6440000000        65.1290000000    630
      292.1520000000       669.0920000000        13.6390000000    631
      292.5910000000       149.5290000000        28.1370000000    632
      292.5470000000       294.2890000000        27.4280000000    633
      292.5350000000       428.5710000000        20.2920000000    634
      294.0310000000       143.7640000000        29.3820000000    635
      294.1690000000       401.8480000000        14.2040000000    636
      294.0380000000       444.1510000000         8.3160000000    637
      294.3790000000       214.1750000000        23.3570000000    638
      294.7600000000       442.8110000000        31.0770000000    639
      295.4090000000       389.4480000000        16.8030000000    640
      296.0100000000       162.1330000000        51.8350000000    641
      296.0160000000       518.3420000000        14.2820000000    642
      296.7300000000       134.8400000000        85.7810000000    643
      296.9690000000       205.3560000000        40.2000000000    644
      296.5940000000       219.1220000000        22.5420000000    645
      297.0190000000       276.1370000000        22.1100000000    646
      297.1470000000       119.3220000000        72.7800000000    647
      297.4300000000       150.7560000000        85.0460000000    648
      297.0840000000       154.5760000000        72.5770000000    649
      297.1460000000       163.6400000000        80.6610000000    650
      297.3890000000       199.0260000000        20.8470000000    651
      297.8030000000       114.4990000000       101.0810000000    652
      297.6520000000       265.2830000000        17.9480000000    653
      297.7720000000       407.0690000000        34.7180000000    654
      297.8440000000       443.7810000000        20.2530000000    655
      298.0890000000       550.2510000000        67.3650000000    656
      298.8000000000       490.6030000000         7.5160000000    657
      299.0170000000       422.6990000000        46.6200000000    658
      299.6300000000       279.0170000000        57.5260000000    659
      299.5570000000       648.2480000000        16.2470000000    660
      300.5380000000       304.9510000000        29.1360000000    661
      300.4130000000       410.1870000000        25.0510000000    662
      301.0660000000       197.0940000000        31.7980000000    663
      301.0680000000       386.3870000000        15.5830000000    664
      301.0790000000       640.0430000000        55.9870000000    665
      301.5660000000       189.3950000000        20.9070000000    666
      301.2040000000       580.3070000000        25.0440000000    667
      301.9670000000       336.9010000000        19.0030000000    668
      301.9810000000       443.3570000000        30.9780000000    669
      302.0370000000       450.0470000000        15.6730000000    670
      302.5320000000       412.2520000000        18.3900000000    671
      302.9430000000       485.1850000000        15.6300000000    672
      303.2040000000       288.6900000000        33.8270000000    673
      304.0230000000       281.5660000000        59.4260000000    674
      305.3480000000       501.5360000000         7.7970000000    675
      305.5880000000       124.0780000000        90.5030000000    676
      305.8320000000       464.4020000000        49.4630000000    677
      306.3820000000       153.0420000000        69.4450000000    678
      306.4070000000       187.9880000000        81.7310000000    679
      306.5630000000       256.1350000000        14.3360000000    680
      306.3500000000       425.1910000000        47.2150000000    681
      306.9960000000       305.1640000000        21.7450000000    682
      307.4800000000       177.8880000000        24.7050000000    683
      307.9140000000       214.3740000000        30.4760000000    684
      309.0400000000       271.9730000000        18.2900000000    685
      308.8230000000       429.3370000000        15.6090000000    686
      308.6420000000       431.0630000000        44.9030000000    687
      309.5410000000       243.5040000000        19.5590000000    688
      309.8340000000       479.6950000000        14.1080000000    689
      309.6560000000       559.8240000000        12.5730000000    690
      312.4840000000       416.7880000000        17.6960000000    691
      312.4710000000       552.1070000000        13.5500000000    692
      312.3370000000       569.7910000000        62.9900000000    693
      314.4180000000       302.1470000000        38.7740000000    694
      314.1310000000       408.8530000000        25.1070000000    695
      314.8850000000       289.9090000000        33.5430000000    696
      315.8280000000       127.9830000000        68.4120000000    697
      315.6020000000       156.5940000000        86.5050000000    698
      316.5300000000       155.3740000000        54.8630000000    699
      316.9150000000       212.6970000000        76.5010000000    700
      317.7230000000       405.3270000000        24.3130000000    701
      317.7340000000       514.0840000000        12.7100000000    702
      318.0050000000       442.6380000000        34.3450000000    703
      318.4320000000       181.9080000000        76.8160000000    704
      318.4650000000       213.9090000000        18.9300000000    705
      319.5280000000       507.2140000000        12.3340000000    706
      319.9100000000       421.6420000000        32.5620000000    707
      320.2140000000       291.1950000000        43.4410000000    708
      320.8430000000       151.5360000000        78.5820000000    709
      321.8700000000       173.8660000000        65.9090000000    710
      321.5710000000       201.7410000000        28.5490000000    711
      321.6490000000       453.6380000000        20.2240000000    712
      321.9630000000       423.7720000000        22.8630000000    713
      322.5420000000       474.0520000000        10.5890000000    714
      323.1200000000       190.5040000000        19.0100000000    715
      324.0930000000       263.0270000000        17.1980000000    716
      323.8580000000       442.5980000000        14.3450000000    717
      324.5790000000       117.4040000000        75.6640000000    718
      324.3630000000       144.2090000000        66.5440000000    719
      324.3550000000       486.1160000000         8.6020000000    720
      325.9540000000       450.7520000000        52.5960000000    721
      326.1090000000       514.3850000000        65.3940000000    722
      327.1340000000       270.0020000000        22.8080000000    723
      327.3120000000       461.7790000000        14.5340000000    724
      327.8810000000       569.1710000000        12.0480000000    725
      328.8420000000       568.5040000000        20.1350000000    726
      329.3020000000       610.5360000000        63.6500000000    727
      329.9250000000       309.4030000000        26.6840000000    728
      331.1690000000       450.4600000000        18.8590000000    729
      331.3450000000       295.9130000000        27.5000000000    730
      331.3550000000       480.2390000000        15.3200000000    731
      331.7890000000       230.9310000000        12.9870000000    732
      332.0060000000       315.2340000000        23.2210000000    733
      332.0020000000       434.2230000000        26.0260000000    734
      332.2860000000       214.1790000000        79.8310000000    735
      332.1330000000       612.3380000000        41.6730000000    736
      332.8410000000       367.1130000000        14.0850000000    737
      333.3810000000       148.7390000000        85.0400000000    738
      333.4320000000       151.0180000000        72.0500000000    739
      333.2520000000       276.2420000000        50.4540000000    740
      333.4980000000       215.0090000000        19.8450000000    741
      333.8220000000       219.9110000000        16.3890000000    742
      334.0290000000       496.8210000000        57.0920000000    743
      334.9920000000       169.5870000000        44.8910000000    744
      334.9570000000       456.5250000000        29.6380000000    745
      335.5650000000       311.1020000000        29.6250000000    746
      335.8480000000       125.1180000000        97.7370000000    747
      336.9530000000       228.7320000000        17.1830000000    748
      338.0460000000       468.6560000000         2.7590000000    749
      338.0140000000       538.9700000000        10.5290000000    750
      338.1550000000       446.4110000000        17.6630000000    751
      338.7980000000       169.7590000000        75.6360000000    752
      339.1890000000       284.4050000000        33.9850000000    753
      339.2020000000       497.0510000000        19.2060000000    754
      339.6790000000       134.5230000000        72.8470000000    755
      340.2780000000       493.5710000000         8.2700000000    756
      340.2610000000       583.3900000000         8.5400000000    757
      340.4410000000       478.2900000000        16.4940000000    758
      341.0740000000       245.7820000000        18.6540000000    759
      341.8170000000       501.7950000000        53.5910000000    760
      341.9740000000       587.6450000000        44.4040000000    761
      342.5600000000       128.3620000000        76.0970000000    762
      342.3520000000       159.3270000000        63.9560000000    763
      342.4280000000       492.0730000000        17.6320000000    764
      343.4760000000       257.6550000000         9.7220000000    765
      343.9360000000       189.2810000000        76.4440000000    766
      343.6680000000       297.3780000000        21.4890000000    767
      344.3150000000       549.7560000000        32.2610000000    768
      345.2690000000       218.4030000000        10.5330000000    769
      345.9070000000       175.8390000000        74.7160000000    770
      346.0550000000       302.2930000000        33.3300000000    771
      346.2190000000       462.7100000000        33.4950000000    772
      346.6310000000       191.9380000000        28.4040000000    773
      346.9920000000       134.4900000000        83.5780000000    774
      348.2610000000       289.3220000000        43.8490000000    775
      348.6930000000       445.4450000000        20.5470000000    776
      349.7740000000       288.6720000000        16.2850000000    777
      350.9150000000       313.2020000000        45.7540000000    778
      350.8730000000       525.8300000000        10.3520000000    779
      351.0870000000       623.6740000000        34.6910000000    780
      351.6960000000       248.6700000000        76.6650000000    781
      352.0070000000       517.4470000000        55.0770000000    782
      352.4850000000       274.9710000000        15.6440000000    783
      353.0820000000       138.4360000000        80.6870000000    784
      352.9790000000       535.2590000000         7.3450000000    785
      353.1380000000       598.9050000000        17.5810000000    786
      353.4920000000       141.3490000000        70.2240000000    787
      353.4750000000       487.8630000000        12.7120000000    788
      353.8160000000       494.3780000000        50.4870000000    789
      354.0520000000       596.7700000000        64.9590000000    790
      354.5070000000       459.5720000000        19.3370000000    791
      355.1100000000       298.8850000000        15.6320000000    792
      354.8260000000       494.0600000000        15.0740000000    793
      355.1530000000       553.7140000000         7.8150000000    794
      355.2910000000       304.6240000000        16.1720000000    795
      355.4820000000       471.9630000000        37.5090000000    796
      356.0270000000       195.2330000000        70.7200000000    797
      355.9630000000       461.6650000000        38.1160000000    798
      357.4010000000       174.9050000000        82.5770000000    799
      357.1790000000       547.4700000000         8.7570000000    800
      357.8540000000       219.6700000000         6.4280000000    801
      358.2490000000       247.9390000000        80.4520000000    802
      358.1200000000       461.1940000000        12.2450000000    803
      358.3390000000       552.4530000000        17.4190000000    804
      359.1480000000       172.2920000000        72.3600000000    805
      360.1460000000       125.4520000000        88.4380000000    806
      360.0000000000       289.2670000000        25.8920000000    807
      360.2230000000       313.8330000000        37.2110000000    808
      359.8970000000       502.8560000000        14.8290000000    809
      361.6040000000       545.4640000000        54.8800000000    810
      361.9660000000       167.3390000000        57.5510000000    811
      361.8000000000       186.8570000000        73.0070000000    812
      362.4190000000       333.3590000000        26.4260000000    813
      363.3450000000       247.2010000000        14.3110000000    814
      363.8590000000       450.5790000000        38.0530000000    815
      364.6790000000       285.0480000000        17.0740000000    816
      365.4810000000       456.9510000000        24.2740000000    817
      365.9430000000       324.0860000000        18.7220000000    818
      366.8370000000       291.1490000000        56.9610000000    819
      367.2350000000       291.6360000000        25.2970000000    820
      367.3020000000       337.2830000000        25.0000000000    821
      368.3870000000       307.3420000000        24.0510000000    822
      368.6750000000       434.6530000000        18.6290000000    823
      369.2780000000       126.2410000000        86.1400000000    824
      369.2480000000       211.8840000000        14.5010000000    825
      369.3170000000       275.2370000000        69.9930000000    826
      369.2140000000       480.5060000000        34.8850000000    827
      369.5890000000       164.6520000000        69.1940000000    828
      369.8460000000       310.6640000000        33.0680000000    829
      370.8060000000       511.6880000000         5.4060000000    830
      371.2510000000       225.4020000000        12.5010000000    831
      370.9770000000       592.5940000000        10.0240000000    832
      371.6250000000       144.8970000000        82.2810000000    833
      371.3310000000       221.7640000000        71.8120000000    834
      372.0560000000       492.3550000000        20.6170000000    835
      372.6880000000       561.2300000000        52.6060000000    836
      372.8770000000       274.6800000000         8.4710000000    837
      373.3080000000       262.5820000000         9.5040000000    838
      374.0300000000       550.0600000000        53.7020000000    839
      374.4140000000       329.1400000000        26.2040000000    840
      374.4660000000       514.1960000000        47.9880000000    841
      375.3430000000       530.8870000000        15.3390000000    842
      376.0750000000       132.2680000000        62.0600000000    843
      377.3910000000       158.4670000000        25.1120000000    844
      378.5200000000       144.5920000000        64.3230000000    845
      378.6180000000       572.9320000000         7.8940000000    846
      379.0580000000       137.3320000000        83.8290000000    847
      379.5790000000       489.9630000000        21.5730000000    848
      379.9970000000       281.6870000000        12.0260000000    849
      380.2010000000       262.2430000000        70.8550000000    850
      381.7420000000       313.4370000000        33.9820000000    851
      382.1900000000       482.3360000000        21.9800000000    852
      382.9860000000       477.9530000000        30.3730000000    853
      383.8610000000       222.9670000000        15.5130000000    854
      384.1350000000       297.0330000000        13.7050000000    855
      383.9540000000       516.3270000000        14.0680000000    856
      384.5840000000       145.6060000000        72.8770000000    857
      384.2860000000       215.7370000000        75.4140000000    858
      384.4660000000       458.7080000000        23.7820000000    859
      384.7860000000       242.2770000000        13.8720000000    860
      384.7440000000       441.0160000000        18.2120000000    861
      384.9230000000       695.4920000000         9.4900000000    862
      385.1810000000       201.7830000000        73.3360000000    863
      385.9060000000       169.6150000000        58.2690000000    864
      387.5390000000       594.6710000000        11.4050000000    865
      388.0560000000       552.3490000000        15.5120000000    866
      388.5410000000       513.5120000000        13.2050000000    867
      388.8500000000       191.9690000000        73.0790000000    868
      388.9120000000       568.8180000000         5.9370000000    869
      390.2030000000       253.9280000000        10.6730000000    870
      390.0810000000       575.4100000000        43.4500000000    871
      390.9580000000       238.0170000000        19.2680000000    872
      390.8780000000       639.2350000000        18.4170000000    873
      392.5300000000       242.1040000000        35.9020000000    874
      392.2030000000       620.4830000000        12.5840000000    875
      393.1850000000       238.0540000000        38.3980000000    876
      393.8490000000       322.0380000000        44.4820000000    877
      393.7570000000       521.2020000000        25.7280000000    878
      393.8370000000       523.7090000000        17.6450000000    879
      393.7790000000       690.7400000000        16.5060000000    880
      394.0860000000       302.2910000000        28.1470000000    881
      394.7460000000       471.6730000000        18.8540000000    882
      395.1250000000       634.0850000000        10.3130000000    883
      397.9350000000       319.9540000000        14.4710000000    884
      398.0280000000       544.6450000000        17.6870000000    885
      398.0680000000       173.5850000000        75.2320000000    886
      398.6330000000       248.8340000000        17.9260000000    887
      398.9680000000       267.3390000000         7.4320000000    888
      398.6150000000       277.6190000000        15.2250000000    889
      398.6690000000       495.5860000000        11.8520000000    890
      399.0620000000       531.1570000000        33.1880000000    891
      399.2620000000       603.8330000000        10.2590000000    892
      399.4600000000       236.4450000000        29.3260000000    893
      401.2700000000       193.9830000000        43.5700000000    894
      401.0850000000       228.8250000000        12.9430000000    895
      400.8440000000       293.5030000000        15.0490000000    896
      401.0680000000       307.2960000000        25.9400000000    897
      400.9560000000       644.3140000000        45.6280000000    898
      401.5280000000       462.1260000000        18.4270000000    899
      401.3650000000       658.3420000000        42.2580000000    900
      403.8240000000       536.3320000000        24.9690000000    901
      404.1730000000       527.4270000000        26.6230000000    902
      405.2070000000       234.8730000000        63.0030000000    903
      405.2370000000       545.3190000000        39.4980000000    904
      405.8930000000       172.1860000000        76.4960000000    905
      405.7930000000       512.8540000000        23.1440000000    906
      405.8540000000       597.6990000000        12.2320000000    907
      406.0750000000       157.9670000000        80.9060000000    908
      407.1550000000       575.5750000000         6.2250000000    909
      407.8750000000       167.6950000000        63.9050000000    910
      407.9780000000       202.1120000000        74.8830000000    911
      408.1900000000       301.8990000000        12.0750000000    912
      408.2400000000       282.3060000000        14.1630000000    913
      408.3910000000       330.9720000000        19.7130000000    914
      408.8370000000       547.0790000000        12.1480000000    915
      409.7670000000       271.5680000000        11.4800000000    916
      410.8430000000       144.1940000000        81.6770000000    917
      411.0860000000       154.1080000000        73.4850000000    918
      411.4230000000       293.2620000000         8.7040000000    919
      412.2450000000       322.4030000000        20.6720000000    920
      411.9520000000       553.6290000000        20.0030000000    921
      412.7840000000       602.4850000000        40.5240000000    922
      413.9820000000       137.8100000000        82.4740000000    923
      413.9350000000       554.8490000000        10.2490000000    924
      413.9290000000       590.2050000000        50.0030000000    925
      415.9420000000       632.6830000000        58.4370000000    926
      416.4320000000       347.3130000000        23.8320000000    927
      416.8030000000       248.0730000000        17.1510000000    928
      417.1060000000       362.4650000000        17.0810000000    929
      417.4800000000       557.6200000000         9.2350000000    930
      418.3400000000       567.7670000000         4.0410000000    931
      418.3750000000       546.1650000000        24.3870000000    932
      419.1130000000       617.5140000000        13.9770000000    933
      419.5570000000       214.6210000000        70.0110000000    934
      419.5520000000       332.9720000000        26.4920000000    935
      419.5470000000       600.8270000000         7.6580000000    936
      419.9890000000       269.5290000000        23.3780000000    937
      420.1770000000       298.2020000000         7.1050000000    938
      420.0480000000       317.7380000000        17.2440000000    939
      420.5490000000       194.7610000000        73.7450000000    940
      420.8630000000       185.9300000000        65.1550000000    941
      421.5290000000       179.7800000000        72.2410000000    942
      421.2840000000       203.6940000000        67.9280000000    943
      421.7020000000       165.2040000000        58.3880000000    944
      421.9660000000       308.2630000000         2.7050000000    945
      422.0560000000       531.7370000000        30.3180000000    946
      423.6430000000       553.1870000000        36.2590000000    947
      424.2420000000       602.1010000000        27.9190000000    948
      424.6970000000       134.2650000000        80.3820000000    949
      424.7820000000       211.7970000000        24.3050000000    950
      424.4700000000       560.9810000000         8.8350000000    951
      425.2190000000       481.6300000000        17.6340000000    952
      425.8770000000       196.3290000000        64.7300000000    953
      426.3560000000       160.8000000000        16.9480000000    954
      427.0900000000       587.3340000000        25.7290000000    955
      427.9970000000       363.5920000000        16.1610000000    956
      427.9770000000       595.3230000000        12.1360000000    957
      428.9120000000       274.2770000000        42.1570000000    958
      429.0010000000       356.3390000000        16.4130000000    959
      429.6280000000       373.9060000000        10.2920000000    960
      430.5060000000       287.3140000000         3.2710000000    961
      430.3820000000       321.8710000000        38.1030000000    962
      430.5370000000       574.9990000000         9.5840000000    963
      431.0620000000       156.5990000000        65.1680000000    964
      431.0190000000       336.9920000000        46.5200000000    965
      430.9700000000       605.7220000000        13.5940000000    966
      431.3180000000       332.8780000000        16.0280000000    967
      431.3950000000       627.0320000000         9.5080000000    968
      432.5130000000       585.9560000000         7.2710000000    969
      433.1080000000       593.9610000000         6.6210000000    970
      433.7190000000       171.6560000000        70.9980000000    971
      434.3660000000       301.8190000000         7.9240000000    972
      434.6900000000       212.8960000000        66.7190000000    973
      434.9660000000       286.1150000000         9.3510000000    974
      434.6700000000       631.4700000000         8.8370000000    975
      434.9730000000       653.2040000000        43.9360000000    976
      435.5030000000       144.1820000000        69.2420000000    977
      435.6180000000       308.5730000000        59.1290000000    978
      436.5620000000       158.4920000000        77.6160000000    979
      436.5780000000       210.8320000000        32.1350000000    980
      438.1840000000       500.1020000000        14.8400000000    981
      438.2760000000       646.8750000000        20.4580000000    982
      439.1380000000       151.8450000000        79.0070000000    983
      439.3300000000       266.9050000000        12.8600000000    984
      439.3390000000       358.8340000000        42.0450000000    985
      439.5210000000       559.5670000000        17.7020000000    986
      439.8370000000       161.6660000000        31.9200000000    987
      440.8580000000       531.2650000000        14.0900000000    988
      441.1990000000       591.1800000000        18.5290000000    989
      441.4740000000       192.9810000000        70.6550000000    990
      441.8430000000       325.4680000000        43.4680000000    991
      441.5250000000       576.8560000000        12.1480000000    992
      442.2430000000       164.4590000000        77.5370000000    993
      442.0760000000       191.0040000000        53.4920000000    994
      442.0340000000       612.8050000000        20.7860000000    995
      443.1910000000       242.9690000000        68.8330000000    996
      443.6380000000       343.8910000000        12.4060000000    997
      443.9460000000       352.9290000000        30.6710000000    998
      444.7400000000       236.8450000000        13.7090000000    999
      444.8880000000       304.1980000000        55.4000000000   1000
      444.8780000000       466.7380000000        12.5030000000   1001
      445.6830000000       202.6070000000        71.3860000000   1002
      445.8610000000       639.0920000000         7.1400000000   1003
      445.5900000000       659.0470000000        15.6330000000   1004
      447.1060000000       226.0720000000        11.6320000000   1005
      447.6400000000       159.9110000000        69.7730000000   1006
      447.4270000000       331.3690000000        27.5870000000   1007
      448.4610000000       645.6220000000        52.6670000000   1008
      449.4110000000       315.5930000000        14.1120000000   1009
      449.4190000000       592.8960000000        16.0140000000   1010
      450.1290000000       503.8580000000        15.9410000000   1011
      450.3020000000       606.7880000000        21.2050000000   1012
      451.5610000000       360.2720000000        26.7790000000   1013
      451.3630000000       541.7170000000        10.8530000000   1014
      451.1680000000       574.2780000000        46.4500000000   1015
      452.0050000000       580.2170000000        39.9740000000   1016
      452.5390000000       281.5360000000         8.7080000000   1017
      452.6960000000       589.2200000000        28.4260000000   1018
      454.2700000000       376.7970000000        19.7930000000   1019
      454.3560000000       319.9000000000         4.0970000000   1020
      455.2370000000       352.2310000000        21.4930000000   1021
      455.7450000000       319.4070000000        60.1340000000   1022
      455.7870000000       591.9970000000         4.4770000000   1023
      457.2770000000       267.6980000000        14.6870000000   1024
      457.4010000000       355.5750000000        36.6190000000   1025
      458.6260000000       251.3530000000        16.4970000000   1026
      458.7540000000       587.5720000000        37.8920000000   1027
      459.2060000000       256.5630000000        14.9440000000   1028
      459.4320000000       222.5530000000        30.5270000000   1029
      460.6120000000       196.1360000000         7.8090000000   1030
      460.9920000000       532.7490000000         9.2240000000   1031
      461.4160000000       584.4750000000         3.8910000000   1032
      461.8990000000       578.9570000000        19.1300000000   1033
      463.1830000000       630.7090000000        46.1700000000   1034
      463.6680000000       250.7900000000        10.1340000000   1035
      464.5680000000       170.3940000000        62.9250000000   1036
      464.7540000000       610.8920000000        33.7410000000   1037
      465.3270000000       167.3050000000        74.2970000000   1038
      465.3770000000       196.1980000000         7.3460000000   1039
      467.0520000000       330.1850000000        43.1810000000   1040
      467.2940000000       592.0290000000        19.2420000000   1041
      468.4000000000       272.2120000000        14.9650000000   1042
      468.3510000000       382.4730000000        20.7300000000   1043
      468.5370000000       400.8760000000        14.5810000000   1044
      469.4250000000       356.5500000000        20.4800000000   1045
      469.7740000000       185.7710000000        78.5740000000   1046
      469.9080000000       668.6380000000        15.3320000000   1047
      472.0450000000       365.5740000000        20.6000000000   1048
      472.0710000000       545.8930000000        16.3160000000   1049
      472.3580000000       311.2350000000        14.7360000000   1050
      474.4730000000       327.0770000000        20.6450000000   1051
      475.1810000000       344.6280000000        14.3070000000   1052
      475.9270000000       162.6340000000        76.0970000000   1053
      476.4650000000       221.2650000000        32.3380000000   1054
      476.3740000000       655.0570000000         8.2020000000   1055
      476.5960000000       318.8110000000         6.2330000000   1056
      476.9880000000       264.2680000000        66.0580000000   1057
      478.5040000000       162.1280000000        65.5130000000   1058
      479.3870000000       221.8930000000        11.3700000000   1059
      479.3490000000       348.2500000000        35.0410000000   1060
      479.4870000000       606.4560000000        19.0840000000   1061
      479.7810000000       628.0470000000        10.0070000000   1062
      480.4150000000       182.0780000000        72.3370000000   1063
      480.3380000000       262.7940000000         8.8440000000   1064
      480.7050000000       346.4630000000        21.3800000000   1065
      481.3280000000       198.1530000000        53.3750000000   1066
      481.8960000000       226.3750000000        71.5470000000   1067
      482.1920000000       297.6730000000        11.1870000000   1068
      483.1020000000       340.9130000000        49.3080000000   1069
      483.1980000000       684.8650000000        31.4350000000   1070
      484.0880000000       618.6440000000        15.2240000000   1071
      485.1890000000       164.9970000000        78.9760000000   1072
      485.5110000000       363.3240000000        25.7360000000   1073
      487.3840000000       635.6430000000         8.6930000000   1074
      487.8520000000       215.5420000000        68.8110000000   1075
      488.4780000000       363.5680000000        18.0420000000   1076
      489.1940000000       323.8520000000        42.6250000000   1077
      489.6610000000       620.3220000000        32.6370000000   1078
      491.9900000000       215.0900000000        59.1990000000   1079
      492.2280000000       273.1140000000        12.1930000000   1080
      492.8070000000       626.3340000000        23.3200000000   1081
      493.3110000000       300.0660000000        10.4380000000   1082
      493.3760000000       562.4270000000        15.7700000000   1083
      494.1050000000       664.5700000000         7.2200000000   1084
      494.6550000000       353.8000000000        23.4830000000   1085
      495.7960000000       203.3330000000        75.1150000000   1086
      496.0660000000       162.4330000000        66.2410000000   1087
      497.2540000000       295.8380000000        65.6970000000   1088
      498.5340000000       183.3020000000        80.8670000000   1089
      498.1880000000       357.9110000000        21.1470000000   1090
      498.6240000000       365.1970000000        19.8450000000   1091
      498.9100000000       622.5500000000        14.8320000000   1092
      499.3180000000       637.6270000000         5.0180000000   1093
      499.8810000000       282.3100000000         8.0670000000   1094
      500.4460000000       359.5270000000        46.2900000000   1095
      500.7170000000       251.7530000000        69.4100000000   1096
      500.7560000000       652.3870000000         2.3200000000   1097
      504.9250000000       333.7420000000        31.7570000000   1098
      505.3920000000       266.7760000000        16.1870000000   1099
      505.1760000000       367.2740000000        47.6040000000   1100
      506.6900000000       254.4710000000        28.5460000000   1101
      507.3570000000       298.0100000000        16.6270000000   1102
      507.6630000000       280.3330000000         7.9800000000   1103
      507.6280000000       638.0540000000        18.0290000000   1104
      508.3560000000       378.9550000000        13.5220000000   1105
      509.1290000000       229.5890000000        43.3600000000   1106
      509.6300000000       288.1600000000        42.4660000000   1107
      510.2570000000       200.9620000000        78.7220000000   1108
      510.6240000000       227.4850000000        73.1400000000   1109
      511.1000000000       372.5780000000        13.4910000000   1110
      512.7190000000       580.6070000000        15.4980000000   1111
      513.2680000000       359.7120000000        16.2480000000   1112
      513.0350000000       370.6060000000        50.3030000000   1113
      513.2450000000       654.4380000000        34.8550000000   1114
      515.2210000000       271.2930000000         8.1240000000   1115
      515.0170000000       612.7860000000        43.5430000000   1116
      516.5660000000       643.6860000000        46.9290000000   1117
      517.9030000000       573.9720000000        14.5810000000   1118
      519.0640000000       640.5590000000        17.4490000000   1119
      519.5310000000       327.3200000000         6.0880000000   1120
      519.6540000000       337.1750000000         8.8620000000   1121
      520.0980000000       634.5070000000        17.0020000000   1122
      520.8100000000       349.0700000000        29.3030000000   1123
      522.0010000000       256.7200000000        13.3750000000   1124
      522.4410000000       381.3360000000        16.9400000000   1125
      522.7470000000       399.9240000000        21.4850000000   1126
      523.8670000000       205.1740000000        76.6270000000   1127
      523.7660000000       327.1450000000        27.3620000000   1128
      524.8290000000       273.2210000000        34.6370000000   1129
      525.1620000000       228.7110000000        57.9520000000   1130
      525.8220000000       321.7010000000        62.7900000000   1131
      526.1890000000       215.5730000000        56.0970000000   1132
      527.7760000000       317.7110000000         9.9180000000   1133
      528.0920000000       376.7490000000        14.1440000000   1134
      528.5220000000       367.8460000000        20.7380000000   1135
      528.4730000000       621.1760000000        19.4520000000   1136
      528.8390000000       348.9250000000        51.6320000000   1137
      529.3110000000       383.0610000000        28.1670000000   1138
      529.1970000000       613.1580000000        14.4490000000   1139
      529.6690000000       327.2690000000        12.4560000000   1140
      529.7860000000       341.2450000000         8.9910000000   1141
      529.6590000000       357.8480000000        15.2520000000   1142
      529.5880000000       409.3500000000        15.1990000000   1143
      530.1950000000       302.6660000000        14.9950000000   1144
      530.8920000000       301.0580000000        64.3200000000   1145
      530.9280000000       177.4740000000        80.6290000000   1146
      532.3250000000       290.3840000000        27.7860000000   1147
      532.8870000000       240.1640000000        66.9170000000   1148
      533.4300000000       320.8180000000         9.4800000000   1149
      533.8300000000       330.2350000000        12.3920000000   1150
      534.8530000000       282.9620000000        36.1080000000   1151
      535.1780000000       364.8500000000        26.9250000000   1152
      535.9660000000       274.8480000000        22.6800000000   1153
      536.8530000000       617.8380000000        14.5150000000   1154
      537.9740000000       361.3600000000        43.2190000000   1155
      539.3910000000       375.7990000000        31.6530000000   1156
      540.2130000000       402.4740000000        15.0680000000   1157
      541.6850000000       367.9480000000        15.4670000000   1158
      542.3430000000       582.1720000000        10.8180000000   1159
      542.3690000000       601.1360000000        17.6360000000   1160
      543.7600000000       311.6500000000         7.6570000000   1161
      545.2140000000       265.8910000000        68.0770000000   1162
      545.6850000000       414.3410000000        19.4210000000   1163
      547.6850000000       306.8720000000         7.7930000000   1164
      548.6410000000       357.7170000000        11.0480000000   1165
      549.2700000000       593.2410000000        16.4380000000   1166
      554.3070000000       324.2940000000        35.4850000000   1167
      557.6600000000       309.0490000000        34.4970000000   1168
      557.6220000000       330.3030000000        62.6030000000   1169
      558.7030000000       369.0050000000         9.7730000000   1170
      561.5930000000       461.1710000000        16.4190000000   1171
      563.1110000000       352.2840000000         8.4800000000   1172
      563.4820000000       283.1690000000        34.4070000000   1173
      567.0300000000       356.7070000000        51.4490000000   1174
      568.5880000000       398.9460000000        17.4380000000   1175
      568.8820000000       283.0870000000        10.7120000000   1176
      569.0960000000       386.4390000000        20.4830000000   1177
      571.2330000000       399.8680000000        32.7000000000   1178
      571.4430000000       434.7550000000        17.5720000000   1179
      571.5590000000       318.6590000000         7.5590000000   1180
      572.6060000000       369.1220000000        49.4940000000   1181
      573.0710000000       289.2030000000         9.6790000000   1182
      576.7990000000       404.6660000000        45.0630000000   1183
      577.0570000000       319.0420000000        14.9270000000   1184
      578.9550000000       305.9430000000        34.5240000000   1185
      579.1370000000       396.6130000000        15.2460000000   1186
      579.9490000000       349.4750000000        13.1470000000   1187
      581.8900000000       424.0910000000        15.8550000000   1188
      582.3250000000       279.8150000000        31.9010000000   1189
      582.6890000000       367.5130000000        10.3530000000   1190
      583.3640000000       403.3240000000        14.7100000000   1191
      584.2510000000       385.2470000000        21.8630000000   1192
      584.8010000000       312.8580000000        16.6230000000   1193
      588.6660000000       434.5050000000         9.7190000000   1194
      593.2960000000       372.1340000000        13.4680000000   1195
      594.5230000000       420.9840000000        15.4530000000   1196
      594.8790000000       368.8490000000        51.1420000000   1197
      598.6440000000       413.9130000000        32.3890000000   1198
      599.7170000000       378.6780000000        33.1410000000   1199
      600.7050000000       329.5180000000         8.7740000000   1200
      600.6480000000       400.9170000000        21.6390000000   1201
      603.3940000000       339.9680000000        55.8030000000   1202
      603.7880000000       347.2230000000        12.3270000000   1203
      604.9430000000       392.8670000000        43.1490000000   1204
      605.4960000000       410.7700000000        24.4920000000   1205
      606.3570000000       371.9440000000         4.9960000000   1206
      608.0120000000       384.8950000000        15.7530000000   1207
      608.4030000000       265.4040000000        50.5690000000   1208
      608.6660000000       455.3950000000        16.5160000000   1209
      611.5720000000       373.4600000000        10.9210000000   1210
      614.3660000000       388.5870000000        55.6270000000   1211
      615.3210000000       412.9760000000        13.6210000000   1212
      617.7830000000       442.0240000000        21.9470000000   1213
      618.3350000000       377.6380000000        54.0980000000   1214
      618.4680000000       434.3810000000        22.7440000000   1215
      618.9860000000       394.0650000000        51.3980000000   1216
      619.2640000000       359.6470000000        55.2580000000   1217
      619.7350000000       355.5670000000        18.5660000000   1218
      620.3520000000       409.3150000000        35.0450000000   1219
      621.4320000000       440.0750000000        17.8640000000   1220
      622.1230000000       396.8170000000        41.4210000000   1221
      627.2840000000       276.2280000000        14.5910000000   1222
      627.1880000000       398.4190000000        40.4800000000   1223
      628.7980000000       398.8940000000        26.7670000000   1224
      631.5130000000       356.9860000000        31.8840000000   1225
      632.8360000000       427.0050000000        18.4800000000   1226
      633.6190000000       238.5700000000        14.5090000000   1227
      633.6050000000       278.7250000000        13.9050000000   1228
      633.3970000000       372.8330000000        10.1760000000   1229
      633.7380000000       436.7990000000        18.6890000000   1230
      636.0820000000       361.1100000000        32.5090000000   1231
      640.9100000000       417.7610000000        27.8980000000   1232
      641.1460000000       420.4690000000        13.2400000000   1233
      640.9270000000       427.8630000000        19.0470000000   1234
      642.7920000000       365.0300000000        34.4190000000   1235
      645.3090000000       400.2630000000        10.9590000000   1236
      648.4230000000       346.8210000000        11.1060000000   1237
      648.4440000000       366.2630000000        12.2440000000   1238
      649.4810000000       386.8900000000        21.5540000000   1239
      651.9220000000       370.0000000000        15.8250000000   1240
      652.3750000000       378.3540000000        53.2400000000   1241
      654.2990000000       382.6270000000        10.1390000000   1242
      659.7590000000       453.1280000000        38.6060000000   1243
      662.1460000000       321.4680000000        15.5600000000   1244
      663.8600000000       377.8290000000        28.7840000000   1245
      664.2850000000       337.9990000000        13.6010000000   1246
      664.9060000000       353.3600000000        15.9990000000   1247
      668.3130000000       401.1410000000         4.8920000000   1248
      668.7220000000       419.0920000000        10.2800000000   1249
      669.3400000000       356.3490000000        17.0490000000   1250
      671.0750000000       389.1030000000        14.5140000000   1251
      674.5190000000       339.2970000000        13.0820000000   1252
      675.9860000000       397.1710000000         9.9600000000   1253
      678.1210000000       363.9080000000        27.4990000000   1254
      680.6890000000       237.1630000000        21.3280000000   1255
      685.7270000000       389.6520000000        21.9500000000   1256
      686.7630000000       366.0160000000        39.0960000000   1257
      689.1750000000       395.5770000000        13.6670000000   1258
       11.3980000000       252.6800000000       102.1800000000   1259
       37.4590000000       382.9060000000       100.8940000000   1260
       59.3560000000       316.7850000000        43.8420000000   1261
       65.9770000000       287.0010000000        53.0760000000   1262
       80.4550000000       240.1700000000        46.5620000000   1263
      112.8560000000       213.5380000000        48.9390000000   1264
      118.1120000000       469.4790000000        23.5820000000   1265
      122.9320000000       283.1850000000        33.9410000000   1266
      130.9390000000       454.7280000000        83.0180000000   1267
      138.5270000000       475.6260000000        69.5930000000   1268
      161.6280000000       502.5320000000        70.2310000000   1269
      199.0470000000       362.6700000000        69.1870000000   1270
      216.3290000000       538.4630000000        71.4790000000   1271
      231.9640000000       266.7830000000        48.7690000000   1272
      240.5930000000       402.9300000000        17.6280000000   1273
      241.8740000000       325.4720000000        22.5610000000   1274
      246.5030000000       389.2060000000        32.5220000000   1275
      262.4250000000       269.4120000000        27.2310000000   1276
      281.0180000000       478.5610000000         8.9620000000   1277
      282.3950000000       424.3500000000        22.4130000000   1278
      289.8230000000       645.5260000000        16.6030000000   1279
      306.3330000000       428.4270000000        28.1250000000   1280
      308.3830000000       430.4200000000        28.0740000000   1281
      318.5630000000       416.2280000000        18.2780000000   1282
      339.1620000000       529.9580000000         8.4190000000   1283
      348.3490000000       305.0030000000        25.7820000000   1284
      361.3650000000       425.1870000000        22.5190000000   1285
      365.2340000000       271.6500000000        10.0580000000   1286
      365.6320000000       636.9880000000        34.4840000000   1287
      364.8810000000       299.9240000000        32.8180000000   1288
      369.0450000000       180.7370000000        25.7710000000   1289
      373.6280000000       540.5590000000         5.5310000000   1290
      373.8740000000       235.4710000000        37.9480000000   1291
      374.9730000000       232.3350000000        38.0840000000   1292
      395.5730000000       142.3210000000        69.1800000000   1293
      415.6670000000       166.6050000000        63.8380000000   1294
      424.3510000000       254.5440000000        11.1550000000   1295
      425.7610000000       145.8110000000        60.5070000000   1296
      427.7640000000       261.5640000000        46.5720000000   1297
      428.2470000000       654.0190000000        18.6440000000   1298
      441.2980000000       368.0640000000        32.0910000000   1299
      454.4720000000       626.0590000000        38.0370000000   1300
      481.4620000000       664.6340000000        13.3330000000   1301
      492.3390000000       598.1190000000        14.3370000000   1302
      494.1670000000       600.1260000000        13.2220000000   1303
      494.7520000000       336.7740000000        48.7680000000   1304
      494.8190000000       602.3680000000        12.6510000000   1305
      539.6780000000       378.0130000000        16.5600000000   1306
      540.8510000000       376.6110000000        16.0970000000   1307
      573.2780000000       215.1160000000        61.7410000000   1308
      577.6700000000       359.6880000000         9.3260000000   1309
      587.3860000000       338.3190000000         8.6170000000   1310
      592.2100000000       347.0690000000        15.9440000000   1311
      621.6800000000       414.4080000000        23.4750000000   1312
      623.8490000000       415.6060000000        23.0920000000   1313
      643.5240000000       454.5840000000        15.8600000000   1314
      663.4000000000       373.7550000000        17.9240000000   1315
      674.4740000000       409.4430000000        11.1960000000   1316
