       74.6460000000       382.2440000000        65.6090000000      0
       75.4290000000       348.8320000000        63.1440000000      1
       85.3340000000       334.0190000000        67.6010000000      2
       86.4070000000       401.2600000000        44.0130000000      3
       87.0690000000       414.9530000000        56.4710000000      4
       87.7010000000       311.1500000000        22.1420000000      5
       90.0120000000       368.8350000000        62.0700000000      6
       92.1920000000       289.0540000000        58.7580000000      7
       93.0550000000       391.2650000000        61.2270000000      8
       93.5720000000       381.0580000000        63.2810000000      9
       95.5600000000       398.1680000000        58.0160000000     10
       96.1140000000       468.3530000000        24.8560000000     11
       96.3820000000       290.4010000000        70.0970000000     12
       97.8350000000       436.1830000000        36.9700000000     13
       98.1630000000       336.8990000000        59.4030000000     14
       98.1760000000       425.2490000000        49.8590000000     15
       99.6250000000       312.8030000000        48.4750000000     16
      100.5120000000       352.7690000000        59.9440000000     17
      100.8400000000       470.2620000000        25.1000000000     18
      103.6690000000       355.9930000000        55.8210000000     19
      105.3590000000       360.2220000000        33.5010000000     20
      105.8350000000       272.9010000000        68.7800000000     21
      105.6960000000       280.8970000000        74.4340000000     22
      106.0810000000       301.1070000000        61.1510000000     23
      106.1040000000       334.9610000000        28.5520000000     24
      106.1680000000       343.5220000000        58.4020000000     25
      106.5670000000       297.2000000000        52.0870000000     26
      107.5990000000       201.9560000000        58.2230000000     27
      109.1110000000       284.9680000000        41.3420000000     28
      109.7200000000       190.5580000000        93.7360000000     29
      109.8280000000       258.2120000000        38.9520000000     30
      110.1360000000       238.9040000000        45.0710000000     31
      110.4850000000       212.2490000000        65.4740000000     32
      110.4700000000       467.3000000000        22.8290000000     33
      111.0060000000       353.0050000000        27.6780000000     34
      111.0960000000       321.9510000000        26.1810000000     35
      111.4090000000       271.3910000000        36.7920000000     36
      111.8340000000       231.6950000000        49.2920000000     37
      111.9440000000       254.5300000000        70.1590000000     38
      111.9750000000       309.0560000000        34.0580000000     39
      112.9550000000       216.6870000000        65.2240000000     40
      113.5620000000       399.0390000000        53.5840000000     41
      114.7560000000       310.4460000000        54.5800000000     42
      114.9740000000       375.2970000000        26.1310000000     43
      115.6610000000       180.5260000000        95.7530000000     44
      115.6640000000       220.1780000000        87.5220000000     45
      115.8100000000       340.4730000000        45.7270000000     46
      116.3810000000       325.0510000000        25.9530000000     47
      116.2460000000       392.1610000000        53.8970000000     48
      116.9130000000       334.6950000000        45.4510000000     49
      116.9290000000       246.6580000000        48.6330000000     50
      117.0440000000       266.3880000000        54.9020000000     51
      117.5160000000       438.9920000000        52.1930000000     52
      117.9230000000       246.3050000000        71.4420000000     53
      117.6750000000       253.5590000000        31.8100000000     54
      118.0930000000       187.5800000000        80.4300000000     55
      118.1860000000       323.5040000000        63.9980000000     56
      118.0660000000       429.0730000000        24.5960000000     57
      118.4900000000       183.8500000000        56.9300000000     58
      118.5620000000       332.7150000000        31.1350000000     59
      119.1830000000       293.6780000000        32.0060000000     60
      119.3560000000       369.2430000000        20.7100000000     61
      121.2240000000       403.9110000000        21.6520000000     62
      121.9010000000       175.4710000000        66.3360000000     63
      125.5440000000       320.8410000000        31.9180000000     64
      125.5590000000       460.1630000000        43.1490000000     65
      126.0530000000       237.1210000000        76.8540000000     66
      126.5340000000       381.7450000000        18.8290000000     67
      126.9370000000       184.3340000000        80.0620000000     68
      127.2360000000       307.5360000000        28.3640000000     69
      127.9070000000       303.6400000000        31.2700000000     70
      128.1590000000       349.6020000000        47.2080000000     71
      128.3300000000       481.8820000000        24.6790000000     72
      128.7380000000       198.1460000000        86.1800000000     73
      129.0410000000       178.1220000000        63.3300000000     74
      129.1950000000       396.3370000000        50.4010000000     75
      129.9460000000       164.6360000000        57.4690000000     76
      130.1530000000       255.0420000000        38.4570000000     77
      130.3260000000       435.9010000000        19.1840000000     78
      130.9900000000       156.9990000000        91.4340000000     79
      131.4210000000       253.0970000000        56.2400000000     80
      131.6970000000       155.2970000000       109.8810000000     81
      131.6980000000       327.3280000000        60.6550000000     82
      131.6300000000       410.8360000000        17.3730000000     83
      132.1380000000       211.7400000000        74.9920000000     84
      132.1310000000       369.1590000000        52.3810000000     85
      132.2050000000       379.2640000000        17.2200000000     86
      132.3990000000       475.8460000000        21.0790000000     87
      133.0120000000       242.1160000000        35.5660000000     88
      133.7960000000       286.1990000000        35.5730000000     89
      133.6310000000       340.9640000000        26.7850000000     90
      134.9910000000       191.4370000000        44.9290000000     91
      135.7700000000       271.3160000000        23.5010000000     92
      137.0610000000       273.5190000000        40.7590000000     93
      137.6110000000       455.9310000000        13.5240000000     94
      137.9390000000       195.8520000000        44.6290000000     95
      138.0960000000       299.7320000000        61.3900000000     96
      138.5830000000       186.1720000000        49.6690000000     97
      138.4700000000       473.8260000000         4.2430000000     98
      138.7980000000       327.8010000000        17.5350000000     99
      138.9090000000       336.6500000000        20.7780000000    100
      140.0420000000       247.8370000000        38.8890000000    101
      139.9080000000       310.6610000000        30.5470000000    102
      140.1480000000       217.7040000000        42.3470000000    103
      140.4980000000       259.6590000000        69.4440000000    104
      141.7340000000       234.4350000000        39.5690000000    105
      142.4480000000       309.8470000000        61.5420000000    106
      142.6420000000       355.0060000000        24.1670000000    107
      142.9310000000       164.8630000000        95.6290000000    108
      143.0640000000       229.3080000000        47.3740000000    109
      143.2460000000       129.9410000000       107.2310000000    110
      143.5310000000       461.1200000000        41.4600000000    111
      144.1910000000       196.0230000000        46.3060000000    112
      144.0640000000       447.5580000000        48.0500000000    113
      144.1730000000       476.2840000000        16.8450000000    114
      145.1160000000       379.9260000000        56.7440000000    115
      145.3230000000       287.9150000000        26.4550000000    116
      145.5790000000       394.1770000000        12.3680000000    117
      145.8220000000       383.0760000000        22.0850000000    118
      146.3610000000       456.4980000000        22.6510000000    119
      147.3870000000       330.6080000000        13.6010000000    120
      147.8480000000       275.9560000000        24.7390000000    121
      148.2640000000       184.4860000000        95.4390000000    122
      148.1700000000       195.2010000000        57.9210000000    123
      148.8560000000       145.3960000000        64.0910000000    124
      148.9860000000       163.7720000000        56.0840000000    125
      148.7820000000       263.2070000000        20.6410000000    126
      149.4150000000       136.6140000000        83.3150000000    127
      149.6690000000       127.9070000000        78.5310000000    128
      149.7930000000       366.4240000000         7.6530000000    129
      149.6710000000       421.3140000000        57.3520000000    130
      150.7810000000       169.6010000000        90.8190000000    131
      150.5510000000       476.3370000000        20.1750000000    132
      151.5940000000       386.5890000000         4.8290000000    133
      151.9740000000       214.9120000000        51.0750000000    134
      152.2450000000       308.6530000000        26.9260000000    135
      152.6600000000       176.0410000000        59.7320000000    136
      152.9520000000       349.0320000000        30.5940000000    137
      153.1580000000       423.9590000000         8.9640000000    138
      153.7190000000       236.2420000000        37.3570000000    139
      154.1080000000       212.0920000000        38.5570000000    140
      155.6620000000       384.2690000000        27.0700000000    141
      155.9880000000       444.7340000000        14.5240000000    142
      156.8110000000       501.4970000000        19.3650000000    143
      157.3110000000       505.6900000000        34.0380000000    144
      157.5490000000       187.3110000000        91.3820000000    145
      158.7750000000       156.1120000000        63.2810000000    146
      158.4790000000       417.7630000000        13.0890000000    147
      158.9750000000       333.8590000000        13.8260000000    148
      159.0710000000       419.1180000000        51.7080000000    149
      158.8040000000       463.2960000000         7.4520000000    150
      159.3230000000       178.8610000000        49.1830000000    151
      159.5960000000       288.6870000000        15.5270000000    152
      160.6670000000       350.0330000000        23.7010000000    153
      161.1810000000       431.0070000000        47.9300000000    154
      161.2330000000       191.9640000000        56.4880000000    155
      162.2820000000       322.3520000000        28.8760000000    156
      162.5610000000       440.1610000000         5.4060000000    157
      162.7520000000       301.2580000000        68.1060000000    158
      162.8240000000       372.2980000000        41.4960000000    159
      163.0280000000       228.9700000000        74.3530000000    160
      163.1710000000       294.3250000000        13.0830000000    161
      163.5010000000       306.2310000000        58.0550000000    162
      163.7380000000       130.2460000000       110.4230000000    163
      163.6840000000       358.3380000000        11.8300000000    164
      163.6460000000       507.9830000000         9.9600000000    165
      164.2290000000       350.0070000000        53.8310000000    166
      164.7520000000       235.9060000000        70.2540000000    167
      165.8520000000       212.4540000000        45.8080000000    168
      165.8510000000       376.8050000000         6.5390000000    169
      166.0970000000        97.7640000000       105.1660000000    170
      166.3410000000       485.2720000000        48.9650000000    171
      166.6980000000       359.1220000000        52.1670000000    172
      166.4970000000       408.3060000000         5.9710000000    173
      167.0370000000       122.3150000000        64.8080000000    174
      167.0150000000       133.6080000000       102.4430000000    175
      167.0790000000       491.5450000000        45.8570000000    176
      168.3570000000       191.2870000000        43.8820000000    177
      168.5890000000       456.8210000000        49.0840000000    178
      168.8970000000       147.0100000000        94.9160000000    179
      168.9360000000       166.3320000000        60.7720000000    180
      169.1400000000       431.4160000000        48.7970000000    181
      169.2570000000       465.0370000000        46.2810000000    182
      169.5410000000       121.3660000000        77.9760000000    183
      169.9030000000       439.5170000000        28.9340000000    184
      170.0120000000       452.2100000000        43.2080000000    185
      170.3020000000       274.0710000000        70.8890000000    186
      170.3490000000       388.5020000000        59.7340000000    187
      170.4250000000       403.9450000000        52.8050000000    188
      170.2540000000       465.1470000000        14.0610000000    189
      170.3890000000       489.2860000000        18.4340000000    190
      170.7540000000       329.1100000000        39.5440000000    191
      170.7300000000       469.9840000000        15.5570000000    192
      171.8290000000       333.8980000000        19.9760000000    193
      172.0740000000       150.6750000000        68.4590000000    194
      172.2640000000       296.7410000000        59.3660000000    195
      172.1800000000       320.8970000000        54.1030000000    196
      172.8370000000       267.0900000000        17.8560000000    197
      172.9330000000       291.3190000000        56.0620000000    198
      173.5180000000       152.7300000000        52.2960000000    199
      173.6170000000       411.3880000000        50.3240000000    200
      173.9710000000       376.8010000000        49.6770000000    201
      174.6030000000       513.3840000000        37.4380000000    202
      175.0130000000       389.4570000000        25.3380000000    203
      175.0010000000       465.2220000000        40.4020000000    204
      175.6290000000       496.8520000000        43.8660000000    205
      176.0680000000       286.2130000000        64.7000000000    206
      175.9830000000       369.4100000000        55.6980000000    207
      175.8450000000       443.8750000000        20.0560000000    208
      176.1270000000       234.9710000000        51.9420000000    209
      176.4810000000       426.0260000000        18.2010000000    210
      177.1460000000       430.4660000000        46.1020000000    211
      177.5110000000       247.4600000000        67.8190000000    212
      177.5050000000       359.0160000000        58.8450000000    213
      178.1910000000       190.7450000000        82.6600000000    214
      179.6050000000       223.8300000000        29.8840000000    215
      179.9390000000       395.2310000000        25.1940000000    216
      180.5600000000       200.3590000000        33.9260000000    217
      181.6400000000       129.3750000000        80.8810000000    218
      182.4030000000       303.3060000000        62.1370000000    219
      183.0370000000       105.5860000000       111.2700000000    220
      183.9060000000       295.3140000000        60.9100000000    221
      185.6220000000       133.6090000000        64.8940000000    222
      185.6160000000       215.9270000000        31.5530000000    223
      185.5760000000       232.1170000000        78.2630000000    224
      185.4820000000       274.5220000000        69.3290000000    225
      185.7130000000       437.7610000000        46.7120000000    226
      186.0040000000       270.3920000000        53.8740000000    227
      186.2590000000       208.2470000000        87.3790000000    228
      186.7340000000        85.3900000000        85.2870000000    229
      186.5000000000       206.9740000000        52.1860000000    230
      186.9310000000       436.3270000000        20.2430000000    231
      187.7780000000       287.8450000000        46.7270000000    232
      187.7420000000       306.7760000000        62.0840000000    233
      188.0460000000       241.9490000000        78.4580000000    234
      187.9650000000       286.6960000000        62.6020000000    235
      188.7370000000       239.1470000000        57.5730000000    236
      189.6230000000       369.9160000000        56.1810000000    237
      189.9650000000       219.5660000000        86.3850000000    238
      190.4240000000       353.8450000000        53.7280000000    239
      190.5400000000       391.3820000000        43.5660000000    240
      190.8550000000       382.4750000000        45.3160000000    241
      191.4420000000       424.5240000000        46.4060000000    242
      191.4180000000       472.9990000000        39.2640000000    243
      191.7940000000       305.5560000000        54.2280000000    244
      192.0620000000       412.2490000000        46.6420000000    245
      192.7160000000       287.0800000000        14.9610000000    246
      193.3060000000       141.5100000000        97.2380000000    247
      193.5190000000       448.1870000000        23.5950000000    248
      194.6920000000       182.4040000000        81.4870000000    249
      195.8430000000       179.2590000000        40.3550000000    250
      196.2110000000       153.8680000000        48.2940000000    251
      196.5890000000       202.5550000000        81.4360000000    252
      197.2270000000       329.4200000000        53.6610000000    253
      197.7700000000       277.6730000000        54.7940000000    254
      198.1000000000       248.2170000000        67.6360000000    255
      197.9340000000       393.2600000000        47.9590000000    256
      197.9420000000       463.1610000000        17.6280000000    257
      198.3930000000       354.0670000000        53.3320000000    258
      198.6030000000       324.6430000000        37.3660000000    259
      200.5210000000       344.0610000000        48.8220000000    260
      200.5090000000       458.0180000000        43.4300000000    261
      200.8810000000       338.9250000000        56.9070000000    262
      201.4250000000       108.9050000000        76.9260000000    263
      201.4920000000       434.7340000000        36.6840000000    264
      202.4260000000       113.2890000000        88.0570000000    265
      202.8250000000       368.9240000000        52.6920000000    266
      204.2790000000       111.4640000000        99.0060000000    267
      205.9620000000       327.4330000000        29.1400000000    268
      206.1190000000       340.6420000000        27.0950000000    269
      206.0300000000       348.0970000000         6.4440000000    270
      206.2670000000       110.0560000000        63.3320000000    271
      208.8550000000       489.5600000000        27.1840000000    272
      209.3410000000       284.5500000000        58.6670000000    273
      210.3130000000       355.6240000000        38.6770000000    274
      211.6270000000       201.6540000000        44.7860000000    275
      211.5380000000       466.6460000000        24.8060000000    276
      211.8050000000       219.9170000000        45.9960000000    277
      211.8350000000       273.9700000000        34.5240000000    278
      211.8740000000       435.8280000000        32.4520000000    279
      212.5530000000       302.4130000000        46.4490000000    280
      212.4310000000       342.3510000000        33.9700000000    281
      212.9910000000       254.8340000000        53.7080000000    282
      213.5770000000       304.9340000000        25.1660000000    283
      214.1230000000       271.0570000000        51.4900000000    284
      214.5380000000       267.9870000000        34.6490000000    285
      214.8310000000       327.7050000000        44.3730000000    286
      215.2020000000       121.9650000000        63.9790000000    287
      215.9790000000       169.8240000000        83.1670000000    288
      216.1190000000       312.1580000000        14.3270000000    289
      216.1430000000       411.5120000000        27.0160000000    290
      217.0910000000       494.9630000000        15.7130000000    291
      217.5210000000       237.6090000000        56.8610000000    292
      217.8680000000       404.6750000000        31.9050000000    293
      218.3650000000       439.0500000000         4.0700000000    294
      218.9790000000       380.9900000000        14.2490000000    295
      219.2730000000       226.1700000000        60.1100000000    296
      219.5900000000       443.3610000000         5.4640000000    297
      219.6770000000       280.6020000000        26.3340000000    298
      219.6840000000       308.1120000000        15.9850000000    299
      220.0590000000       349.3640000000        35.5580000000    300
      221.6090000000       179.6160000000        50.3650000000    301
      222.8790000000       235.3750000000        39.2960000000    302
      223.0980000000       260.4180000000        47.9540000000    303
      223.9170000000       280.9250000000        18.7450000000    304
      223.9000000000       350.1940000000        24.4220000000    305
      224.1040000000       380.3400000000        31.3060000000    306
      224.8040000000       217.4990000000        57.8640000000    307
      224.7570000000       433.7430000000        10.8850000000    308
      225.1830000000       181.5400000000        81.3080000000    309
      225.7690000000       352.2810000000        18.9890000000    310
      226.2910000000       148.4820000000        54.2030000000    311
      226.6240000000       353.1480000000        35.4950000000    312
      226.8840000000       463.6590000000        21.6150000000    313
      227.5990000000       342.9560000000        19.3460000000    314
      228.1270000000       150.7070000000        70.7330000000    315
      228.7730000000       151.5630000000        51.8330000000    316
      230.1580000000       422.9120000000        15.9410000000    317
      230.9410000000       247.3100000000        44.2800000000    318
      232.5100000000       205.0520000000        47.8070000000    319
      232.8580000000       320.1350000000        23.8290000000    320
      234.3740000000       159.9230000000        52.8020000000    321
      235.1270000000       396.3950000000        11.3560000000    322
      237.6030000000       264.3430000000        27.9300000000    323
      244.3530000000        83.5220000000        77.0700000000    324
      250.9120000000       160.5830000000        51.1190000000    325
      257.7980000000        97.8250000000       115.0140000000    326
      258.1920000000       196.2360000000        59.1760000000    327
      260.8860000000       119.6760000000        88.8100000000    328
      261.5530000000       127.9660000000       104.3890000000    329
      262.9530000000       103.3480000000        92.6830000000    330
      263.0840000000       159.2170000000        81.2320000000    331
      264.0680000000       101.5500000000        74.0700000000    332
      269.2780000000       237.2540000000        55.9750000000    333
      270.9640000000       115.8220000000        81.4620000000    334
      272.4580000000       216.9430000000        51.4720000000    335
      273.7390000000        95.1680000000       115.2770000000    336
      275.1700000000        76.3400000000        93.0580000000    337
      276.6810000000       238.4520000000        55.8530000000    338
      277.4060000000       149.6140000000       113.6460000000    339
      277.6340000000       188.6740000000        56.1700000000    340
      277.9070000000        97.4990000000        96.1370000000    341
      278.7380000000       148.1390000000        97.4320000000    342
      278.7290000000       183.4920000000        52.9300000000    343
      280.5010000000       244.4860000000        37.5100000000    344
      280.8030000000       154.4760000000        49.1420000000    345
      283.1690000000       231.4260000000        66.0430000000    346
      283.6330000000       176.2010000000        79.9600000000    347
      283.5800000000       234.8030000000        46.7290000000    348
      286.8530000000       256.7090000000        36.6770000000    349
      287.5460000000       193.3700000000        46.1630000000    350
      287.5450000000       204.2560000000        43.8550000000    351
      290.2850000000       243.7370000000        32.4350000000    352
      290.6590000000       218.1260000000        74.5780000000    353
      291.0350000000       105.6430000000       107.9000000000    354
      291.4510000000       248.5710000000        56.1630000000    355
      293.7260000000       211.5170000000        32.0980000000    356
      293.7420000000       224.7490000000        62.5090000000    357
      293.8330000000       269.6540000000        34.9470000000    358
      294.9990000000       102.2190000000       107.8190000000    359
      294.8570000000       253.2190000000        85.6850000000    360
      295.1700000000       194.5140000000        82.7990000000    361
      296.0860000000       143.9940000000        69.3450000000    362
      300.2820000000       106.6920000000        89.0910000000    363
      301.1080000000       274.5440000000        49.5930000000    364
      302.1430000000       271.9640000000        37.2720000000    365
      302.2720000000       341.2200000000        19.8620000000    366
      302.7440000000       183.3140000000        89.2170000000    367
      303.7560000000       120.1320000000       100.4680000000    368
      304.0590000000       281.4520000000        23.1580000000    369
      304.7690000000       151.0160000000        50.3550000000    370
      305.2500000000       161.2850000000        48.0410000000    371
      305.3760000000       372.4700000000        16.0580000000    372
      306.5020000000       127.3250000000        73.9150000000    373
      307.0070000000       236.4950000000        77.3880000000    374
      309.8860000000       285.3540000000        39.7210000000    375
      310.1780000000       178.0170000000        85.0880000000    376
      310.8310000000       276.8680000000        62.6860000000    377
      311.0880000000       277.2280000000        26.2810000000    378
      312.3510000000       139.3220000000        74.7220000000    379
      312.2410000000       197.8390000000        75.7650000000    380
      312.1140000000       249.4580000000        43.4950000000    381
      312.6600000000       286.3250000000        55.1880000000    382
      312.5960000000       302.0260000000        45.0220000000    383
      313.3790000000       235.3020000000        61.1320000000    384
      313.6900000000       230.9630000000        79.7690000000    385
      313.4730000000       271.7370000000        52.1990000000    386
      313.9670000000       159.7100000000        52.7920000000    387
      313.7810000000       258.5960000000        66.4790000000    388
      314.4000000000       118.9520000000        80.5830000000    389
      314.3220000000       250.5550000000        75.3580000000    390
      314.5650000000       149.5030000000        94.0050000000    391
      314.5310000000       198.8450000000        85.3080000000    392
      314.6310000000       266.1830000000        37.0110000000    393
      315.1060000000       319.4410000000        40.4800000000    394
      315.5330000000       125.1110000000       112.6860000000    395
      315.7140000000       251.1680000000        57.5210000000    396
      318.2370000000       150.5530000000        63.9700000000    397
      318.6580000000       332.9650000000        46.1080000000    398
      319.1200000000       390.3130000000        15.1500000000    399
      319.3290000000       353.5910000000        14.6150000000    400
      320.2780000000       187.9750000000        91.6020000000    401
      320.4330000000       378.2620000000        17.0080000000    402
      321.0080000000       203.7380000000        37.0650000000    403
      321.3670000000       108.8040000000       111.1910000000    404
      322.8840000000       288.2810000000        54.3300000000    405
      324.5920000000       117.1070000000        73.9950000000    406
      324.7430000000       317.8960000000        26.3740000000    407
      326.4840000000       241.8960000000        72.9940000000    408
      326.8310000000       383.2700000000        11.6050000000    409
      327.8560000000       220.5150000000        33.1490000000    410
      327.7160000000       313.4120000000        36.7100000000    411
      328.5590000000       183.2610000000        52.8360000000    412
      328.7010000000       214.6040000000        84.0200000000    413
      328.8510000000       261.9750000000        60.8840000000    414
      330.0100000000       360.6850000000        28.1510000000    415
      330.5970000000       324.4030000000        17.7170000000    416
      331.0090000000       254.7450000000        74.2880000000    417
      331.2220000000       270.1040000000        70.2220000000    418
      331.7410000000       127.7820000000        61.0360000000    419
      331.4430000000       330.4200000000        42.9060000000    420
      332.7510000000       164.4100000000        65.4920000000    421
      333.1410000000       289.0260000000        44.8210000000    422
      334.1790000000       263.6920000000        77.8570000000    423
      334.3090000000       143.6340000000        82.9620000000    424
      334.1900000000       287.1170000000        65.4440000000    425
      334.6000000000       247.3270000000        64.6980000000    426
      335.0430000000       157.6650000000       101.3840000000    427
      335.1430000000       376.3420000000        17.6580000000    428
      334.9890000000       378.9370000000        43.7710000000    429
      335.6470000000       248.8820000000        46.0680000000    430
      338.2670000000       196.0660000000        83.1960000000    431
      338.4240000000       274.7280000000        70.3840000000    432
      338.9710000000       286.0930000000        50.2600000000    433
      339.7540000000       230.1070000000        72.3660000000    434
      340.9820000000       194.8950000000        37.7730000000    435
      341.8660000000       205.6140000000        81.2840000000    436
      342.7030000000       196.1020000000        47.9230000000    437
      342.6370000000       373.0520000000        33.2420000000    438
      343.1350000000       313.6400000000        56.1750000000    439
      344.1710000000       445.0070000000        24.5440000000    440
      345.3260000000       302.9890000000        60.9940000000    441
      345.2990000000       367.4700000000        47.9800000000    442
      345.8870000000       422.7980000000        35.5400000000    443
      346.2450000000       208.1320000000        87.6970000000    444
      346.0320000000       219.3170000000        82.6050000000    445
      346.5900000000       352.8280000000        53.2530000000    446
      346.8290000000       254.0940000000        72.8980000000    447
      347.4220000000       349.4330000000        40.6610000000    448
      348.7240000000       140.3880000000        73.4300000000    449
      348.9640000000       154.6100000000        65.9010000000    450
      348.8930000000       322.3310000000        61.1410000000    451
      349.1360000000       394.8490000000        11.4390000000    452
      349.5160000000       168.7320000000        83.6790000000    453
      349.5210000000       176.8360000000        74.3360000000    454
      349.7620000000       328.2400000000        58.4030000000    455
      351.0280000000       308.2210000000        43.9340000000    456
      351.2410000000       451.5770000000        16.9310000000    457
      351.5130000000       255.8780000000        70.8960000000    458
      351.7450000000       282.3130000000        67.4680000000    459
      351.8620000000       194.2090000000        65.4770000000    460
      353.3230000000       440.8350000000        36.9070000000    461
      354.1580000000       386.7970000000        52.2110000000    462
      354.7330000000       153.5370000000        86.9570000000    463
      354.6480000000       304.5460000000        44.2580000000    464
      355.1490000000       165.7520000000        97.4740000000    465
      355.2380000000       237.2740000000        28.1660000000    466
      355.6130000000       226.4160000000        42.5160000000    467
      356.2380000000       205.5040000000        53.9480000000    468
      356.2630000000       363.0920000000        54.8950000000    469
      356.4120000000       268.8710000000        63.7490000000    470
      357.2030000000       384.7950000000        34.8060000000    471
      357.7380000000       200.7890000000        56.1410000000    472
      358.5280000000       151.8110000000        73.8920000000    473
      358.6680000000       285.2210000000        37.2740000000    474
      359.0850000000       169.0980000000        69.9070000000    475
      359.0430000000       228.9050000000        30.2630000000    476
      358.9180000000       411.5150000000        55.4140000000    477
      359.2610000000       215.7950000000        83.1000000000    478
      360.4390000000       332.8710000000        32.9810000000    479
      360.2850000000       354.9720000000        63.0920000000    480
      360.2240000000       388.6140000000        40.8510000000    481
      360.5290000000       368.6190000000        54.7260000000    482
      362.5080000000       178.9590000000        61.1860000000    483
      362.4250000000       387.5810000000        57.4850000000    484
      363.4520000000       264.3370000000        29.2860000000    485
      363.9830000000       176.3070000000        48.8350000000    486
      364.0680000000       326.3430000000        55.1650000000    487
      364.6180000000       254.0780000000        45.9560000000    488
      364.8320000000       187.2330000000        61.2670000000    489
      364.7730000000       451.7450000000        33.7360000000    490
      364.9930000000       219.6430000000        41.5520000000    491
      366.9050000000       416.6450000000        52.2930000000    492
      368.0060000000       270.0390000000        65.5960000000    493
      368.0690000000       356.8190000000        59.1080000000    494
      369.0470000000       430.4390000000        49.5320000000    495
      369.9120000000       211.5810000000        53.1020000000    496
      370.0850000000       307.8540000000        63.2580000000    497
      370.4120000000       296.2220000000        68.4640000000    498
      370.4840000000       348.4100000000        64.6170000000    499
      372.0420000000       221.4920000000        53.9160000000    500
      372.5090000000       485.2990000000        17.1440000000    501
      373.0850000000       390.1540000000        57.1150000000    502
      373.9590000000       198.5530000000        53.4590000000    503
      373.8550000000       233.5620000000        77.4260000000    504
      374.1680000000       319.6310000000        22.2670000000    505
      374.5050000000       277.4810000000        45.4600000000    506
      374.4090000000       292.7700000000        30.8230000000    507
      374.7420000000       498.5430000000        28.7480000000    508
      375.3340000000       189.3750000000        91.5470000000    509
      375.5810000000       365.8500000000        29.2690000000    510
      377.8170000000       275.7250000000        31.6320000000    511
      378.2490000000       336.3760000000        59.8660000000    512
      378.7590000000       292.0020000000        69.3410000000    513
      379.0320000000       371.7660000000        57.8800000000    514
      379.8810000000       381.4410000000        10.2150000000    515
      380.3350000000       368.2180000000        23.9660000000    516
      380.2460000000       401.0990000000        57.4410000000    517
      380.8630000000       358.6390000000        25.2720000000    518
      381.2200000000       378.2650000000        55.6580000000    519
      382.4210000000       218.2460000000        60.5450000000    520
      382.5330000000       447.3650000000        49.6750000000    521
      383.1630000000       398.8690000000        49.1020000000    522
      384.3270000000       249.9390000000        45.0310000000    523
      384.1080000000       265.0030000000        44.0090000000    524
      384.1180000000       422.7540000000        21.5820000000    525
      385.4710000000       355.5330000000        50.4100000000    526
      385.7570000000       186.2500000000        61.5310000000    527
      386.2450000000       442.1800000000        45.7020000000    528
      386.9790000000       232.0580000000        38.9640000000    529
      386.9330000000       429.2710000000        53.8930000000    530
      387.3650000000       300.0680000000        29.0320000000    531
      387.4210000000       344.6210000000        37.6610000000    532
      387.7150000000       251.1140000000        74.0140000000    533
      387.5250000000       329.6580000000        28.3210000000    534
      388.0950000000       377.6350000000        60.3470000000    535
      387.9860000000       494.3720000000        25.2080000000    536
      388.4260000000       269.5410000000        75.6080000000    537
      388.6410000000       204.3520000000        84.9390000000    538
      388.5000000000       238.6320000000        45.8950000000    539
      389.4620000000       387.7680000000        17.6360000000    540
      389.7690000000       433.6520000000        47.8300000000    541
      390.8270000000       185.4190000000        73.8070000000    542
      391.1290000000       340.9200000000        63.1010000000    543
      391.7100000000       274.8250000000        69.6240000000    544
      391.8250000000       311.0540000000        29.4620000000    545
      392.6380000000       227.0630000000        47.0510000000    546
      393.0640000000       420.7260000000        52.5700000000    547
      393.5640000000       370.5050000000        16.0180000000    548
      393.6860000000       352.0170000000        50.0800000000    549
      394.6510000000       214.1090000000        69.7890000000    550
      394.6570000000       316.6350000000        30.4200000000    551
      394.5520000000       456.5850000000        31.7760000000    552
      394.8700000000       224.7940000000        53.5810000000    553
      395.0090000000       360.9210000000        60.1120000000    554
      395.0010000000       413.2910000000        51.4810000000    555
      395.0800000000       464.0970000000        25.5770000000    556
      395.6060000000       215.4310000000        90.3990000000    557
      395.7670000000       192.5030000000        59.8870000000    558
      395.9830000000       310.9560000000        61.8130000000    559
      395.8340000000       318.5120000000        66.9480000000    560
      396.7450000000       352.8020000000        22.9930000000    561
      397.1240000000       323.8400000000        50.4910000000    562
      397.4060000000       241.5030000000        50.0930000000    563
      397.1780000000       349.7630000000        72.8080000000    564
      397.3540000000       410.7460000000        58.2560000000    565
      397.5890000000       275.7690000000        40.2790000000    566
      398.8710000000       270.3240000000        38.7000000000    567
      398.6030000000       278.8900000000        77.2440000000    568
      399.1360000000       442.1320000000        12.9160000000    569
      399.6090000000       400.1070000000        26.4680000000    570
      400.1350000000       324.6240000000        61.5830000000    571
      400.8510000000       349.1500000000        22.8380000000    572
      401.3530000000       248.1760000000        77.2770000000    573
      401.4420000000       415.2070000000        28.0820000000    574
      401.6490000000       496.4700000000        46.2840000000    575
      402.1850000000       436.1730000000        14.1030000000    576
      403.4720000000       266.7370000000        40.3720000000    577
      405.5010000000       377.6170000000        26.8600000000    578
      406.5300000000       336.4540000000        32.6620000000    579
      408.0110000000       499.1000000000        50.4330000000    580
      408.4030000000       338.1880000000        19.7980000000    581
      409.2280000000       422.2650000000        42.4600000000    582
      409.4220000000       305.4750000000        64.1260000000    583
      409.4230000000       392.8980000000        58.4270000000    584
      409.5530000000       421.8740000000        23.1210000000    585
      410.5050000000       461.1040000000        26.3220000000    586
      410.7360000000       315.9620000000        35.0920000000    587
      411.8230000000       302.1750000000        40.9160000000    588
      412.1660000000       474.7740000000        53.9650000000    589
      412.7620000000       278.3500000000        43.3100000000    590
      413.1380000000       400.2310000000        17.1300000000    591
      413.1350000000       408.9860000000        24.6040000000    592
      413.8770000000       483.9010000000        26.4030000000    593
      414.5610000000       234.4110000000        60.0800000000    594
      416.2810000000       456.7260000000        15.4850000000    595
      416.6640000000       363.1890000000        24.5230000000    596
      417.4020000000       266.2350000000        50.1800000000    597
      417.2360000000       432.0400000000        16.9170000000    598
      417.6080000000       451.0430000000        21.3830000000    599
      417.9250000000       302.8810000000        40.0440000000    600
      418.1660000000       333.7520000000        63.4110000000    601
      418.3320000000       229.3590000000        60.4270000000    602
      419.2220000000       446.6080000000        11.2560000000    603
      419.4020000000       304.5110000000        76.8510000000    604
      419.5680000000       356.0680000000        31.2670000000    605
      419.3390000000       474.3290000000        48.1170000000    606
      419.8310000000       448.5880000000        44.1280000000    607
      420.0690000000       340.4910000000        36.8200000000    608
      420.0480000000       465.7190000000        20.7840000000    609
      420.4930000000       482.5270000000        10.9090000000    610
      421.1650000000       489.9670000000        12.3650000000    611
      423.1920000000       389.5520000000        30.2730000000    612
      423.9020000000       291.1690000000        39.0300000000    613
      424.3890000000       410.7450000000        27.6300000000    614
      424.5500000000       344.0930000000        42.0590000000    615
      425.2280000000       285.0360000000        43.1530000000    616
      425.3210000000       333.7180000000        38.6550000000    617
      425.3760000000       385.6980000000        16.5860000000    618
      425.3710000000       456.4490000000        48.2880000000    619
      425.8670000000       417.1890000000        24.4460000000    620
      428.0210000000       306.4640000000        66.9620000000    621
      428.3700000000       373.5660000000        35.7260000000    622
      428.4080000000       438.5920000000        55.8920000000    623
      429.0140000000       244.2010000000        77.1660000000    624
      429.3230000000       411.2650000000        60.0000000000    625
      430.1110000000       464.9260000000        42.9200000000    626
      430.5950000000       355.6720000000        68.7610000000    627
      430.3830000000       406.5810000000        66.0720000000    628
      430.7920000000       316.1140000000        43.7550000000    629
      431.1060000000       289.0180000000        60.4000000000    630
      431.3090000000       443.1210000000        30.1170000000    631
      431.6230000000       358.1490000000        42.4290000000    632
      431.6630000000       388.5140000000        45.8100000000    633
      433.9460000000       306.6890000000        51.2720000000    634
      434.3500000000       425.0660000000        36.5350000000    635
      434.5250000000       335.4850000000        72.3610000000    636
      434.8210000000       376.5440000000        35.4990000000    637
      435.0720000000       352.4050000000        58.6300000000    638
      435.0660000000       420.1160000000        47.1930000000    639
      437.2080000000       448.8810000000        44.3080000000    640
      437.3480000000       282.3260000000        79.3640000000    641
      438.4990000000       385.4730000000        50.1120000000    642
      439.1510000000       320.0090000000        69.8000000000    643
      440.6100000000       344.9080000000        43.7690000000    644
      453.3480000000       422.1380000000        55.4480000000    645
      121.2840000000       438.2020000000        24.3970000000    646
      124.8050000000       415.2190000000        47.7440000000    647
      155.4070000000       153.4710000000        92.0920000000    648
      184.7810000000       309.6850000000        35.9470000000    649
      196.2320000000       292.2550000000        18.1100000000    650
      209.7190000000       262.1070000000        38.2110000000    651
      276.0010000000       211.2640000000        62.2170000000    652
      330.6270000000       160.5200000000        83.6860000000    653
      334.6730000000       258.0880000000        67.8550000000    654
      343.6030000000       310.3360000000        60.9180000000    655
      397.3270000000       195.3940000000        73.9810000000    656
      400.0880000000       327.1110000000        24.4170000000    657
      405.5340000000       256.1530000000        67.4610000000    658
      410.5750000000       379.7640000000        25.6620000000    659
