       57.8400000000       501.0420000000        87.6250000000      0
       68.1350000000       435.2780000000        85.7330000000      1
       69.9190000000       502.9210000000       136.8790000000      2
       73.9510000000       444.4300000000       122.4100000000      3
       74.3760000000       511.7480000000        80.1710000000      4
       74.6570000000       467.9650000000        86.1730000000      5
       78.7830000000       435.5420000000       131.8950000000      6
       87.0680000000       417.8380000000       109.3270000000      7
       89.2650000000       536.5820000000        85.3620000000      8
       89.7550000000       528.6440000000       108.1890000000      9
       91.5010000000       387.3490000000        82.4840000000     10
       95.5340000000       451.3600000000        94.2940000000     11
       95.3830000000       525.1320000000       107.3810000000     12
       96.5430000000       366.4080000000        92.1910000000     13
       97.0900000000       415.3830000000        84.4720000000     14
       97.0330000000       515.0460000000        99.0080000000     15
       97.4900000000       506.8530000000        94.2660000000     16
       97.8370000000       565.6590000000        94.6230000000     17
       98.4200000000       434.2940000000        99.5500000000     18
      100.1080000000       332.4250000000        81.7390000000     19
      101.2070000000       544.5030000000        76.3310000000     20
      101.6490000000       530.6180000000       126.7180000000     21
      102.3180000000       410.3040000000        48.2860000000     22
      102.4040000000       499.1650000000        86.6560000000     23
      102.1090000000       499.1610000000       124.0840000000     24
      102.1470000000       534.6160000000       104.2280000000     25
      102.6640000000       325.0570000000        86.0930000000     26
      102.9090000000       445.2830000000       129.8270000000     27
      104.4860000000       493.6330000000       109.2070000000     28
      106.1010000000       395.3030000000        98.3880000000     29
      106.3640000000       327.8460000000        75.8820000000     30
      107.6350000000       431.0830000000       103.1200000000     31
      107.8630000000       364.9050000000        72.7540000000     32
      108.1620000000       525.8440000000       128.4130000000     33
      108.6980000000       378.0690000000        70.0520000000     34
      109.2260000000       392.8750000000        93.3920000000     35
      109.5210000000       309.7450000000        88.4210000000     36
      109.4330000000       515.9170000000        88.1260000000     37
      109.5680000000       521.9590000000       113.7050000000     38
      111.8870000000       461.9890000000        72.4280000000     39
      112.5240000000       454.6200000000        51.0980000000     40
      113.3720000000       479.1210000000        94.4360000000     41
      114.4880000000       352.3230000000        96.5900000000     42
      115.0790000000       365.7850000000       105.2620000000     43
      115.3380000000       402.2630000000        81.0080000000     44
      115.9620000000       281.7560000000        91.1390000000     45
      116.1640000000       458.7440000000       103.1100000000     46
      116.6240000000       420.2260000000        64.9350000000     47
      117.6850000000       497.6250000000        97.1450000000     48
      118.0740000000       467.7470000000       107.2520000000     49
      119.1790000000       360.4500000000        50.7830000000     50
      119.0040000000       473.2990000000        72.7760000000     51
      119.6240000000       463.2350000000        87.1700000000     52
      120.0760000000       513.8830000000       126.9770000000     53
      121.6350000000       290.1170000000        76.8180000000     54
      121.7910000000       446.7140000000        63.7940000000     55
      122.3450000000       366.5880000000        51.4760000000     56
      123.9330000000       546.1890000000        78.3940000000     57
      124.1320000000       319.0540000000        68.6890000000     58
      126.6320000000       365.7360000000        94.1560000000     59
      126.6320000000       541.9140000000        78.6960000000     60
      127.2300000000       450.3690000000        63.9880000000     61
      128.2290000000       324.9880000000       100.3870000000     62
      129.7870000000       427.4570000000        77.7630000000     63
      129.8200000000       486.6840000000       118.8460000000     64
      129.9240000000       523.3350000000       107.3480000000     65
      130.4810000000       296.1510000000        46.5000000000     66
      130.3830000000       382.4660000000       100.8210000000     67
      130.7380000000       508.3540000000       122.9030000000     68
      131.1670000000       414.9770000000       113.3280000000     69
      130.8750000000       513.2340000000       113.5840000000     70
      131.8020000000       471.1550000000        87.3420000000     71
      133.7430000000       370.5930000000        72.4370000000     72
      134.6860000000       477.9760000000       126.0150000000     73
      135.8670000000       397.1440000000       100.5090000000     74
      135.8060000000       493.3590000000       126.9530000000     75
      136.0610000000       464.0140000000       117.3020000000     76
      137.6070000000       288.2160000000        67.7510000000     77
      137.8590000000       607.5620000000        99.0700000000     78
      138.4230000000       304.6650000000        59.7110000000     79
      139.2750000000       434.4990000000       110.4260000000     80
      139.3030000000       439.4990000000       115.7950000000     81
      140.4820000000       524.8560000000       113.5620000000     82
      141.5930000000       481.9670000000       117.3390000000     83
      143.6880000000       291.6900000000        83.0080000000     84
      144.5750000000       381.6560000000        65.4090000000     85
      144.9830000000       521.5070000000       113.2030000000     86
      145.7780000000       336.9150000000        55.1320000000     87
      145.4680000000       619.4110000000        96.0320000000     88
      145.9340000000       255.8960000000        50.8740000000     89
      146.1520000000       308.5870000000        42.1530000000     90
      146.1670000000       423.4220000000        69.2610000000     91
      146.6860000000       274.5770000000        90.4840000000     92
      146.6860000000       368.9900000000        61.0010000000     93
      146.3890000000       467.2220000000       108.4380000000     94
      147.2810000000       303.5330000000        54.0900000000     95
      148.3790000000       377.8050000000        88.5110000000     96
      149.4030000000       282.8050000000        70.3480000000     97
      149.3220000000       480.3830000000        52.9250000000     98
      149.5200000000       296.2420000000        80.5720000000     99
      150.0470000000       367.2810000000        98.3100000000    100
      151.0240000000       398.8200000000        41.4890000000    101
      151.7510000000       421.3700000000        68.4200000000    102
      152.9970000000       448.8350000000        95.3520000000    103
      153.3660000000       393.6300000000       113.8450000000    104
      153.6300000000       419.2770000000       103.9610000000    105
      153.5280000000       500.2040000000       114.8670000000    106
      154.9020000000       405.9640000000        94.6350000000    107
      154.7250000000       463.4290000000        57.0370000000    108
      155.2610000000       393.0070000000        94.1220000000    109
      157.2090000000       262.9790000000        33.1500000000    110
      156.9170000000       610.8220000000        97.2930000000    111
      157.9720000000       284.3930000000        67.5860000000    112
      158.0560000000       331.9860000000        50.9250000000    113
      157.8650000000       430.6220000000       101.2740000000    114
      158.3620000000       504.4380000000        58.0680000000    115
      160.3890000000       360.8070000000        91.8240000000    116
      161.2100000000       606.7190000000        95.6860000000    117
      161.8550000000       380.0640000000        95.5980000000    118
      164.0390000000       476.4450000000       102.2860000000    119
      165.5870000000       586.5550000000       115.8010000000    120
      166.1760000000       290.3660000000        49.5530000000    121
      167.9620000000       520.9380000000        70.2380000000    122
      170.2390000000       306.7410000000        27.7730000000    123
      170.6060000000       239.8260000000        61.4700000000    124
      170.6700000000       415.4530000000        41.4370000000    125
      171.3920000000       242.5900000000        21.3870000000    126
      172.0310000000       331.9950000000        92.0180000000    127
      172.7530000000       410.6980000000        38.0220000000    128
      174.7620000000       493.9310000000        50.6590000000    129
      175.1090000000       549.8850000000        73.1220000000    130
      175.8730000000       525.5180000000        81.9680000000    131
      176.3400000000       272.5640000000        55.6660000000    132
      177.0320000000       438.3120000000        46.0370000000    133
      177.1700000000       263.3890000000        79.8480000000    134
      177.4820000000       316.4340000000        80.8370000000    135
      179.4560000000       603.8450000000       111.1200000000    136
      182.0510000000       545.7720000000        71.0530000000    137
      182.5020000000       313.3900000000        55.7040000000    138
      184.1030000000       300.1970000000        35.6100000000    139
      185.3510000000       325.6330000000        86.4230000000    140
      188.4750000000       562.2340000000       103.2140000000    141
      188.1810000000       603.4460000000        98.1720000000    142
      189.1030000000       257.1660000000        81.5540000000    143
      188.6910000000       415.4750000000        97.3570000000    144
      190.0890000000       302.4020000000        67.0950000000    145
      189.9640000000       374.1880000000        95.2380000000    146
      190.0650000000       383.7260000000        83.4120000000    147
      190.7750000000       524.6810000000        52.7240000000    148
      190.9880000000       601.2850000000        82.9310000000    149
      192.0070000000       294.2770000000        32.2730000000    150
      192.4930000000       257.5880000000        91.6050000000    151
      193.0680000000       245.0170000000        48.9970000000    152
      193.0190000000       289.1190000000        76.9320000000    153
      193.0870000000       477.7950000000        43.8170000000    154
      193.2900000000       294.1280000000        70.3920000000    155
      193.6520000000       400.4150000000        27.5350000000    156
      193.4430000000       420.4770000000        62.0310000000    157
      193.6210000000       427.3470000000        87.8590000000    158
      194.2470000000       243.3740000000        37.2750000000    159
      195.3380000000       280.9000000000        24.1890000000    160
      195.3870000000       342.3830000000        26.7990000000    161
      196.4260000000       315.6460000000        43.6910000000    162
      197.7750000000       308.3380000000        78.4960000000    163
      197.7660000000       511.4370000000        59.9300000000    164
      198.8550000000       241.3920000000        74.7480000000    165
      198.6810000000       516.2960000000        60.5410000000    166
      199.3180000000       190.5490000000        24.3720000000    167
      199.5130000000       401.2970000000        36.0400000000    168
      200.0170000000       294.0560000000        35.4230000000    169
      199.5770000000       618.1470000000       111.6050000000    170
      200.7430000000       394.0420000000        28.7830000000    171
      200.9730000000       414.0750000000        90.9150000000    172
      200.7430000000       582.8910000000       122.2530000000    173
      201.5890000000       320.2230000000        43.2540000000    174
      202.0430000000       220.3200000000        43.8980000000    175
      201.9510000000       278.7940000000        73.1320000000    176
      203.0310000000       540.0910000000        63.4980000000    177
      203.9460000000       242.5880000000        39.9340000000    178
      203.8600000000       257.1170000000        80.9280000000    179
      203.9720000000       356.1500000000        79.7470000000    180
      204.2950000000       186.1030000000        24.0550000000    181
      204.7200000000       380.0440000000        71.2020000000    182
      205.1660000000       404.3250000000        37.3680000000    183
      205.3260000000       263.8480000000        36.7700000000    184
      205.8390000000       285.0000000000        71.5140000000    185
      207.2310000000       211.5850000000        67.4250000000    186
      207.2320000000       291.8820000000        80.3620000000    187
      207.7530000000       260.6430000000        54.8570000000    188
      207.5820000000       266.5980000000        80.3260000000    189
      207.7870000000       598.3130000000        84.5790000000    190
      208.5110000000       460.2890000000        60.5310000000    191
      208.5550000000       568.1350000000       119.9480000000    192
      209.0620000000       567.8400000000        63.4220000000    193
      210.6960000000       237.6710000000        69.6320000000    194
      211.8340000000       258.7750000000        36.8280000000    195
      212.2310000000       591.9680000000       127.3350000000    196
      214.4330000000       253.8630000000        23.6540000000    197
      214.9620000000       416.1490000000        36.9400000000    198
      216.1430000000       578.2080000000        93.1370000000    199
      217.1000000000       365.2600000000        30.0140000000    200
      217.2980000000       506.7320000000        52.5960000000    201
      218.6110000000       323.8110000000        55.7080000000    202
      218.5630000000       511.8990000000        51.8720000000    203
      218.7360000000       597.0360000000        96.7730000000    204
      218.8240000000       194.9760000000        46.8370000000    205
      219.3950000000       217.8580000000        28.7010000000    206
      219.9690000000       237.7720000000        37.8720000000    207
      220.0960000000       248.3480000000        74.5580000000    208
      220.2740000000       320.7020000000        73.8300000000    209
      221.2100000000       574.6290000000       115.4220000000    210
      221.7300000000       212.3910000000        18.5430000000    211
      221.5640000000       542.5770000000       109.4950000000    212
      221.6910000000       568.9800000000       126.2490000000    213
      222.3170000000       228.1940000000        74.0010000000    214
      222.4760000000       179.9570000000        40.9070000000    215
      223.1960000000       226.2870000000        39.8130000000    216
      223.3370000000       575.9910000000        77.0500000000    217
      223.9640000000       203.9640000000        30.9190000000    218
      224.4460000000       200.5000000000        40.0680000000    219
      224.0850000000       362.7930000000        67.0070000000    220
      224.4090000000       586.2470000000        86.4020000000    221
      224.7750000000       261.4450000000        57.0680000000    222
      224.8140000000       595.1310000000        74.7270000000    223
      225.3630000000       154.2520000000        48.3410000000    224
      225.6520000000       293.6910000000        24.4750000000    225
      226.2250000000       190.4530000000        39.0090000000    226
      226.5250000000       507.0500000000        51.7830000000    227
      226.8150000000       212.7690000000        18.8470000000    228
      226.8980000000       374.8330000000        76.7490000000    229
      226.6410000000       416.9650000000        41.5340000000    230
      227.4330000000       273.7680000000        32.3160000000    231
      227.4060000000       435.9100000000        71.5490000000    232
      227.2790000000       472.2560000000        93.6530000000    233
      228.1050000000       256.7270000000        36.3390000000    234
      228.7950000000       248.1210000000        68.0340000000    235
      228.8400000000       520.4630000000       103.9180000000    236
      230.1200000000       422.5700000000        29.4720000000    237
      229.9110000000       430.0930000000        69.8890000000    238
      230.5580000000       222.0190000000        72.1740000000    239
      230.4920000000       573.7050000000       125.3430000000    240
      230.8280000000       298.0840000000        79.7300000000    241
      231.2880000000       354.0800000000        75.5300000000    242
      230.8360000000       393.0400000000        80.7010000000    243
      232.0200000000       289.8670000000        54.5800000000    244
      233.1420000000       611.8000000000       118.1050000000    245
      234.2820000000       588.6060000000        69.3820000000    246
      234.6460000000       581.6380000000        68.3970000000    247
      235.2690000000       287.4960000000        17.2330000000    248
      235.3190000000       422.3500000000        62.1090000000    249
      235.8500000000       398.9480000000        31.0580000000    250
      235.9700000000       403.3390000000        33.5760000000    251
      236.5850000000       228.7780000000        26.4090000000    252
      237.4100000000       297.0870000000        79.2390000000    253
      237.8300000000       378.1070000000        74.2840000000    254
      238.4180000000       230.8540000000        47.0830000000    255
      238.9190000000       246.5130000000        75.6540000000    256
      238.9220000000       315.8710000000        71.7670000000    257
      239.0670000000       325.9000000000        66.3570000000    258
      239.2400000000       607.1490000000        93.6570000000    259
      239.8520000000       206.2050000000        19.5310000000    260
      240.7700000000       165.3600000000        49.9450000000    261
      240.8510000000       471.0090000000        39.4200000000    262
      241.0530000000       479.6030000000        41.8560000000    263
      241.3290000000       601.1790000000        94.8720000000    264
      242.0410000000       374.7370000000        73.4440000000    265
      242.6430000000       204.4240000000        51.3090000000    266
      242.6830000000       237.6610000000        27.7620000000    267
      242.6230000000       312.9000000000        78.1720000000    268
      242.9110000000       185.2380000000        31.3800000000    269
      243.0070000000       556.8880000000       119.1590000000    270
      243.5910000000       196.5360000000        72.3750000000    271
      243.8460000000       389.3160000000        56.0220000000    272
      244.4500000000       325.6210000000        65.0120000000    273
      245.2490000000       234.5270000000        24.0650000000    274
      245.1090000000       579.7850000000        54.8050000000    275
      245.7660000000       298.1020000000        58.8630000000    276
      246.1100000000       308.2230000000        78.0710000000    277
      246.3300000000       569.2230000000       116.0180000000    278
      246.9560000000       632.1900000000        77.4010000000    279
      247.8920000000       587.4050000000       106.6150000000    280
      248.7320000000       302.7230000000        42.9230000000    281
      249.0270000000       474.3610000000        59.1070000000    282
      249.9740000000       237.6890000000        49.5060000000    283
      249.8350000000       254.0890000000        20.2070000000    284
      250.2990000000       189.1210000000        40.1920000000    285
      250.1570000000       589.2350000000        89.5400000000    286
      251.3670000000       268.4640000000        14.3070000000    287
      251.3980000000       421.4450000000        27.8140000000    288
      251.2360000000       478.0560000000        93.1020000000    289
      251.6440000000       198.4680000000        38.4630000000    290
      251.8030000000       207.5130000000        29.1500000000    291
      253.8090000000       173.0270000000        14.8500000000    292
      254.5710000000       185.3500000000        28.5400000000    293
      254.7630000000       204.8590000000        67.8470000000    294
      256.3060000000       217.5520000000        31.4600000000    295
      256.4700000000       384.4160000000        34.7900000000    296
      256.8480000000       150.0960000000        40.9350000000    297
      257.1510000000       270.1670000000        47.4850000000    298
      257.6410000000       572.1120000000        70.7580000000    299
      258.0620000000       334.6570000000        23.0040000000    300
      258.7220000000       224.8410000000        72.3620000000    301
      259.3040000000       469.0280000000        37.6650000000    302
      259.4660000000       597.0910000000        82.5540000000    303
      260.4380000000       529.5780000000       117.2610000000    304
      260.9120000000       440.2800000000        38.1000000000    305
      261.1880000000       262.8960000000        58.7340000000    306
      261.4020000000       355.5740000000        22.8610000000    307
      261.3400000000       568.6110000000        69.5020000000    308
      261.8810000000       144.8870000000        51.6960000000    309
      261.7550000000       343.4430000000        36.7150000000    310
      262.9700000000       348.5690000000        59.7320000000    311
      264.3800000000       459.7410000000        36.3710000000    312
      264.8040000000       521.6210000000        71.3550000000    313
      264.6930000000       606.1860000000        97.5320000000    314
      265.2370000000       192.3580000000        71.4070000000    315
      266.1760000000       213.9560000000        26.8160000000    316
      266.8890000000       365.5380000000        31.5530000000    317
      267.1140000000       546.7520000000       106.4950000000    318
      267.4260000000       197.0550000000        58.8570000000    319
      267.3260000000       345.0550000000        29.9040000000    320
      267.8140000000       339.4760000000        33.8890000000    321
      268.5570000000       208.7900000000        27.8670000000    322
      268.8050000000       264.1420000000        50.7030000000    323
      269.3230000000       254.3280000000        62.4040000000    324
      269.1520000000       263.3540000000        39.6630000000    325
      269.2340000000       331.1260000000        13.6290000000    326
      269.1360000000       459.8060000000        76.9740000000    327
      269.7940000000       174.1190000000        72.0450000000    328
      270.0720000000       303.7990000000        67.9380000000    329
      271.8780000000       340.2330000000        46.2950000000    330
      271.5660000000       484.9380000000        38.9620000000    331
      272.3360000000       328.9170000000        52.9830000000    332
      272.3360000000       566.7470000000       104.2910000000    333
      272.6500000000       142.6710000000        38.9260000000    334
      272.7460000000       464.0580000000        37.6520000000    335
      272.7850000000       561.1700000000       114.8410000000    336
      273.3210000000       160.2240000000        25.4420000000    337
      276.6120000000       566.1180000000        54.6300000000    338
      277.1330000000       441.2270000000        38.3530000000    339
      277.1530000000       196.4600000000        67.4410000000    340
      277.4100000000       271.5710000000        13.7110000000    341
      277.9270000000       199.7370000000        48.3980000000    342
      278.0580000000       261.6750000000        47.2480000000    343
      277.7630000000       567.9780000000        78.3920000000    344
      278.4280000000       335.6330000000        22.2060000000    345
      279.0710000000       200.1280000000         4.8430000000    346
      279.0040000000       266.7030000000        73.5290000000    347
      279.1220000000       411.1670000000        26.5670000000    348
      279.1250000000       501.0760000000        33.9240000000    349
      279.3270000000       284.0220000000        13.8770000000    350
      280.3970000000       528.7920000000       100.6820000000    351
      281.6210000000       415.8150000000        31.7710000000    352
      282.2850000000       159.5440000000        30.5050000000    353
      282.7540000000       421.3520000000        34.5310000000    354
      284.1110000000       152.3620000000        36.9330000000    355
      284.0760000000       280.9780000000        61.7390000000    356
      284.3640000000       557.8980000000        65.3950000000    357
      284.8800000000       181.4040000000        20.1820000000    358
      284.6510000000       288.5660000000        13.2790000000    359
      285.5540000000       270.2580000000         6.1470000000    360
      286.9340000000       498.5140000000        89.4070000000    361
      287.3890000000       315.5120000000        56.0090000000    362
      288.5390000000       175.3160000000        64.1830000000    363
      288.1540000000       352.7350000000        30.0690000000    364
      288.2190000000       537.3210000000       102.7510000000    365
      288.8110000000       197.5940000000        24.8170000000    366
      290.0040000000       208.4880000000        52.6150000000    367
      289.9660000000       258.6030000000        46.8750000000    368
      289.8510000000       557.9390000000       106.1700000000    369
      289.9610000000       601.8740000000        99.9730000000    370
      290.3670000000       149.6580000000        23.2560000000    371
      291.5440000000       206.6160000000        27.5880000000    372
      291.9340000000       310.7140000000        52.1650000000    373
      292.4000000000       436.3290000000        65.0690000000    374
      292.6980000000       527.0300000000        60.5400000000    375
      292.7320000000       550.9680000000        95.4470000000    376
      293.0250000000       160.4330000000        52.0090000000    377
      293.0500000000       219.0010000000        54.0740000000    378
      293.3430000000       128.4080000000        65.1480000000    379
      294.1540000000       305.2380000000        23.1940000000    380
      294.1380000000       445.6050000000        69.9300000000    381
      295.3120000000       575.7460000000        74.0380000000    382
      296.3910000000       430.6710000000        63.6090000000    383
      296.2910000000       510.2900000000        49.6090000000    384
      296.6030000000       222.4470000000         9.0380000000    385
      296.7500000000       285.4760000000        52.2730000000    386
      296.5130000000       304.5790000000        52.9030000000    387
      297.4380000000       505.9870000000        50.7180000000    388
      297.7380000000       138.6820000000        29.8890000000    389
      297.7550000000       415.8640000000        30.3520000000    390
      298.1740000000       161.4190000000        17.8290000000    391
      298.1010000000       332.5850000000        33.9650000000    392
      298.6920000000       297.4980000000        18.9810000000    393
      298.9350000000       600.6780000000        52.8820000000    394
      300.1090000000       159.5950000000         7.8720000000    395
      300.2930000000       516.4920000000        94.7290000000    396
      300.8650000000       587.0630000000        64.4060000000    397
      301.5470000000       421.3860000000        32.5000000000    398
      302.6170000000       414.6580000000        67.6810000000    399
      302.8780000000       214.6290000000         7.9230000000    400
      303.2340000000       302.4690000000        15.5570000000    401
      303.8490000000       168.6390000000        24.1070000000    402
      303.9410000000       171.2060000000         5.9120000000    403
      303.9780000000       245.6410000000        10.6270000000    404
      303.9520000000       411.8110000000        51.4400000000    405
      304.1090000000       513.0320000000        94.0920000000    406
      305.2130000000       574.2850000000       103.5410000000    407
      304.9900000000       594.1770000000       101.2820000000    408
      305.3800000000       164.9630000000         6.3350000000    409
      305.6560000000       247.4080000000        59.3550000000    410
      305.8100000000       316.2440000000        25.0540000000    411
      306.7820000000       113.4580000000        17.3310000000    412
      306.7600000000       495.0500000000        34.3160000000    413
      307.3130000000       464.3790000000        70.4190000000    414
      307.0560000000       554.4050000000        92.2860000000    415
      307.7960000000       243.1190000000        11.5050000000    416
      307.7110000000       401.3410000000        43.0370000000    417
      308.0680000000       519.7970000000        74.8990000000    418
      308.9920000000       376.7410000000        26.6550000000    419
      309.7330000000       105.9310000000        39.2290000000    420
      310.0750000000       181.8210000000        65.4920000000    421
      310.6480000000       157.6710000000        20.1740000000    422
      310.6160000000       274.8590000000        57.6400000000    423
      310.6870000000       432.2060000000        29.7650000000    424
      311.2130000000       450.6260000000        89.1620000000    425
      311.5520000000       125.0820000000        27.1190000000    426
      311.7030000000       212.3830000000        11.3970000000    427
      312.3240000000       107.7710000000        17.3370000000    428
      312.8660000000       202.0420000000        74.0360000000    429
      312.7390000000       282.3160000000        22.0840000000    430
      312.7320000000       573.7700000000        57.7150000000    431
      313.8480000000       353.6130000000        24.8850000000    432
      314.2380000000       297.3640000000        27.8160000000    433
      314.9120000000       110.9870000000        46.6370000000    434
      315.6480000000       189.4370000000        69.2560000000    435
      315.2440000000       293.6240000000        40.9960000000    436
      315.5170000000       581.4480000000        56.9020000000    437
      316.2620000000       235.6210000000        47.1790000000    438
      316.8330000000       149.3680000000         5.8090000000    439
      316.7430000000       165.9340000000        34.9840000000    440
      317.1260000000       213.2590000000        11.1620000000    441
      316.8090000000       572.7660000000       100.5030000000    442
      317.7970000000       544.0940000000        98.3340000000    443
      318.5280000000       528.3380000000        47.1000000000    444
      319.0450000000       131.4670000000        29.6770000000    445
      319.4980000000       220.1810000000        10.2060000000    446
      319.5620000000       420.5680000000        67.8760000000    447
      319.9530000000       404.5270000000        57.2150000000    448
      320.5720000000       250.1690000000        54.9380000000    449
      321.0190000000       116.1310000000        62.6190000000    450
      321.1740000000       281.3860000000        35.5310000000    451
      322.3890000000       121.1160000000        23.8440000000    452
      323.2280000000       293.4920000000         8.0850000000    453
      323.6080000000       118.4840000000        16.5170000000    454
      323.6160000000       244.5080000000        17.7030000000    455
      324.1880000000       149.7480000000        24.5230000000    456
      324.3290000000       236.0620000000        13.4140000000    457
      324.0880000000       538.8390000000        92.0400000000    458
      324.9770000000       140.5510000000        55.9400000000    459
      325.3270000000       106.5550000000        63.3890000000    460
      325.7320000000       101.4820000000        25.0860000000    461
      326.5860000000       135.4480000000        33.2420000000    462
      327.2730000000       554.7220000000       101.0290000000    463
      328.1600000000       428.0380000000        68.1340000000    464
      327.9230000000       473.3620000000        83.0000000000    465
      328.4980000000       364.9760000000        31.6090000000    466
      328.5080000000       392.9430000000        12.1710000000    467
      328.3850000000       435.1890000000        79.3720000000    468
      329.7170000000       247.6430000000        46.3550000000    469
      330.0440000000       204.7310000000        60.5850000000    470
      330.6050000000       507.7920000000        48.8800000000    471
      330.9480000000       246.7000000000        33.7320000000    472
      331.5490000000       120.5810000000         9.1100000000    473
      331.7370000000       484.6730000000        28.3180000000    474
      332.1600000000       144.0860000000        38.4980000000    475
      331.8830000000       435.9120000000        83.8800000000    476
      333.5080000000       195.9470000000        44.9440000000    477
      333.5650000000       550.4230000000        70.3110000000    478
      334.0410000000       154.5290000000         6.9870000000    479
      334.2630000000       255.4760000000        49.0190000000    480
      334.5690000000       219.3950000000         9.0040000000    481
      335.3980000000       147.3700000000        41.9850000000    482
      335.8950000000       413.0670000000        21.9100000000    483
      335.9480000000       518.2190000000        91.4740000000    484
      336.4140000000       142.4900000000        64.9050000000    485
      336.1090000000       144.6350000000        52.1170000000    486
      336.0730000000       389.2060000000        20.4600000000    487
      336.2990000000       508.7910000000        70.6000000000    488
      336.9390000000       253.8770000000        10.7200000000    489
      336.8970000000       492.2380000000        38.6510000000    490
      337.3400000000       199.9040000000        46.3200000000    491
      337.8850000000       455.5440000000        42.5330000000    492
      337.6280000000       494.6670000000        52.7260000000    493
      337.9610000000       511.1100000000        86.2100000000    494
      338.1990000000       374.0770000000        25.8000000000    495
      338.3500000000       503.1010000000        90.6270000000    496
      339.3350000000       477.5500000000        58.2830000000    497
      339.2760000000       498.1620000000        68.9660000000    498
      339.9720000000       221.7500000000         9.5760000000    499
      339.8730000000       546.0100000000        68.2160000000    500
      340.3410000000        97.3260000000        53.9630000000    501
      341.0930000000        90.9670000000        34.8450000000    502
      340.7480000000       372.0200000000        43.2900000000    503
      341.7140000000       276.5750000000         6.4190000000    504
      341.6650000000       320.4690000000        21.4470000000    505
      341.5640000000       532.8750000000        75.7490000000    506
      342.6630000000       116.5130000000        64.2780000000    507
      342.3820000000       122.8630000000        25.7120000000    508
      342.7560000000       472.9610000000        24.3940000000    509
      343.6040000000       379.7400000000        51.5220000000    510
      343.8780000000       142.5530000000        16.7280000000    511
      344.1240000000       413.5820000000        20.1410000000    512
      344.2090000000       457.1150000000        45.3830000000    513
      344.0270000000       542.1980000000        55.8180000000    514
      344.5150000000       346.9820000000        13.1920000000    515
      344.5960000000       353.2690000000        14.7580000000    516
      345.5730000000       210.1260000000         6.1010000000    517
      345.8580000000       447.7050000000        87.6620000000    518
      346.2040000000       235.3580000000        38.9200000000    519
      346.9210000000       215.8320000000        46.9910000000    520
      347.8880000000       243.5180000000        38.5350000000    521
      347.7190000000       438.6170000000        76.0230000000    522
      347.7130000000       550.4160000000        93.9570000000    523
      348.7610000000       103.9260000000        22.0190000000    524
      348.9760000000       562.4300000000        84.3710000000    525
      349.1580000000        84.0490000000        23.5990000000    526
      350.0540000000        96.0230000000        16.3680000000    527
      349.5900000000       455.8070000000        51.6180000000    528
      350.2630000000       231.6220000000        15.2840000000    529
      350.3170000000       524.4600000000        93.0720000000    530
      351.8790000000       402.6110000000        22.7380000000    531
      353.1210000000       121.5800000000         7.0990000000    532
      352.8060000000       512.5590000000        91.0660000000    533
      353.6840000000       128.9440000000        28.2170000000    534
      354.1660000000        67.1600000000        44.1180000000    535
      354.1280000000       557.3690000000        76.0780000000    536
      354.2670000000       160.9600000000        47.8730000000    537
      354.9740000000       250.1770000000        17.0810000000    538
      355.1900000000       526.9420000000        42.0900000000    539
      355.6590000000       211.2310000000        12.4880000000    540
      356.4420000000       176.5900000000        47.9260000000    541
      356.4830000000       424.9830000000        81.7840000000    542
      357.6960000000       129.3730000000         6.6780000000    543
      358.3440000000       170.3800000000        47.2640000000    544
      358.2350000000       233.0800000000        31.3180000000    545
      359.1110000000        95.4440000000        44.9940000000    546
      359.4280000000       228.6680000000        15.8760000000    547
      359.3060000000       432.4740000000        78.9330000000    548
      359.8570000000       394.7100000000        21.3700000000    549
      360.3480000000       351.5840000000        16.4030000000    550
      360.8930000000       116.5020000000        32.7110000000    551
      361.3890000000       201.4070000000        10.4130000000    552
      361.6950000000       101.5650000000        26.8990000000    553
      361.9880000000       346.0890000000        17.2440000000    554
      364.0500000000       480.3590000000        84.3980000000    555
      364.0200000000       537.3920000000        42.8370000000    556
      364.4910000000       354.4390000000        16.8950000000    557
      364.3070000000       578.9730000000        53.4580000000    558
      365.1550000000        81.4240000000        33.5040000000    559
      365.1190000000       412.5780000000        69.3920000000    560
      364.8160000000       525.3810000000        48.9630000000    561
      365.3790000000       420.5650000000        65.2640000000    562
      365.5640000000       558.9420000000        47.9400000000    563
      366.0300000000       216.8000000000        16.5350000000    564
      366.9630000000        96.1670000000        28.9120000000    565
      367.0170000000       565.5830000000        83.5650000000    566
      368.9840000000       202.2320000000        10.3580000000    567
      369.6060000000       531.1340000000        94.7560000000    568
      369.9450000000       432.0500000000        41.4150000000    569
      370.0620000000       485.3190000000        84.7020000000    570
      370.6590000000       206.0390000000        22.9830000000    571
      371.0790000000        88.8590000000         6.6960000000    572
      371.3550000000       477.1680000000        44.8010000000    573
      371.0770000000       508.5670000000        27.7040000000    574
      371.2150000000       535.4970000000        82.2510000000    575
      372.4870000000       521.4070000000        59.8280000000    576
      373.5010000000       146.1770000000        56.3880000000    577
      373.6200000000       158.8120000000        52.6250000000    578
      373.8010000000       164.9710000000        12.2310000000    579
      373.9770000000       448.9480000000        84.8370000000    580
      374.8850000000       198.7330000000        24.0700000000    581
      375.4500000000       354.5090000000        53.9030000000    582
      375.7880000000       261.7220000000        18.5860000000    583
      375.6930000000       470.9140000000        44.1670000000    584
      376.6370000000       163.3570000000        54.0530000000    585
      376.9050000000       470.8520000000        80.9210000000    586
      377.4830000000       159.1510000000        12.7510000000    587
      377.8500000000       475.8340000000        50.5750000000    588
      379.0840000000       319.6450000000        16.7070000000    589
      379.7600000000       109.2230000000        43.4270000000    590
      379.5710000000       468.2840000000        35.7830000000    591
      381.0220000000       462.5570000000        68.6990000000    592
      381.8000000000       201.3780000000         6.8490000000    593
      381.5320000000       363.1670000000        56.3770000000    594
      381.9230000000       253.2130000000         9.6850000000    595
      382.6290000000       435.1960000000        35.9280000000    596
      383.3300000000       333.9500000000        13.7630000000    597
      383.4950000000       256.5900000000        19.5290000000    598
      383.8850000000       301.5080000000         9.2430000000    599
      383.5310000000       526.6950000000        53.6380000000    600
      384.0750000000       344.8680000000        49.7420000000    601
      384.2220000000       447.0270000000        48.9930000000    602
      384.4560000000       502.5810000000        49.0410000000    603
      384.8630000000       132.0250000000        18.9550000000    604
      386.3040000000       443.7270000000        29.2800000000    605
      386.8430000000       407.0490000000        81.1080000000    606
      387.7680000000       340.6190000000        13.0840000000    607
      389.2960000000       294.0950000000        27.4420000000    608
      389.5500000000       524.8760000000        80.8750000000    609
      390.2910000000       358.8100000000        58.3120000000    610
      390.7500000000        43.4200000000        34.6360000000    611
      390.9240000000        61.9020000000        53.5780000000    612
      391.7320000000       150.0170000000        22.6630000000    613
      391.2420000000       170.0560000000        47.5300000000    614
      393.3470000000       412.2830000000        54.1850000000    615
      393.4230000000       497.2460000000        67.8910000000    616
      394.0680000000       331.3150000000        47.6700000000    617
      395.3040000000       388.3360000000        11.6310000000    618
      395.1180000000       507.5710000000        41.6190000000    619
      395.5500000000       160.5510000000        25.2920000000    620
      396.1680000000       162.8190000000        48.5180000000    621
      396.2370000000       473.3180000000        32.7690000000    622
      396.5500000000       404.8600000000         8.9030000000    623
      397.2880000000         3.5180000000        13.4510000000    624
      397.2650000000       528.7870000000        66.5900000000    625
      397.5830000000       496.2280000000        86.5360000000    626
      398.8750000000       403.1730000000        69.5470000000    627
      399.7590000000        94.9790000000        55.7480000000    628
      399.8110000000       137.1070000000        45.1000000000    629
      399.7550000000       182.7520000000        20.9860000000    630
      399.9600000000       507.1890000000        37.1360000000    631
      401.1190000000        70.7740000000        40.6530000000    632
      400.8830000000       137.1230000000        15.5730000000    633
      400.7710000000       298.4220000000        22.7840000000    634
      400.7180000000       461.8970000000        75.4710000000    635
      401.3350000000       108.6410000000        50.3710000000    636
      401.5130000000       325.2550000000        48.2690000000    637
      402.3880000000       376.4360000000        30.4930000000    638
      403.2960000000       313.9720000000        19.8340000000    639
      404.1220000000       411.3710000000        16.8080000000    640
      404.3780000000        82.8090000000        52.1950000000    641
      404.9900000000       486.3320000000        52.8670000000    642
      405.7940000000        65.9760000000        39.9460000000    643
      405.8460000000       434.7690000000        70.4930000000    644
      406.5250000000       135.8860000000        30.9880000000    645
      406.5740000000       197.0260000000        19.5590000000    646
      408.0880000000        63.4540000000        11.1810000000    647
      408.2180000000       465.3870000000        79.1310000000    648
      410.3800000000        50.3260000000        12.3560000000    649
      410.6320000000       351.8570000000        49.3520000000    650
      410.6540000000       384.6630000000        73.6000000000    651
      411.3620000000       332.1790000000         5.6440000000    652
      411.2330000000       443.5440000000        72.1840000000    653
      411.3630000000       482.7860000000        57.6710000000    654
      411.9460000000       439.3650000000        33.7270000000    655
      412.3540000000        48.7620000000        44.1780000000    656
      412.3490000000       373.0980000000        45.5090000000    657
      412.3710000000       384.3280000000        40.4530000000    658
      412.9340000000       213.3840000000        19.7940000000    659
      413.3260000000        45.8960000000        35.2900000000    660
      413.5060000000       184.0990000000        16.3540000000    661
      413.1520000000       385.0090000000        14.3730000000    662
      413.7710000000        60.1090000000        48.2290000000    663
      413.9530000000       128.0370000000        16.7230000000    664
      414.1240000000       314.4310000000        10.4550000000    665
      413.9420000000       450.7370000000        41.3770000000    666
      414.1450000000       457.8590000000        38.6960000000    667
      415.4910000000       388.3060000000        63.5280000000    668
      416.1450000000       422.4770000000        20.4280000000    669
      416.5230000000       341.1890000000        57.0740000000    670
      416.9410000000        37.5310000000        12.1610000000    671
      417.4830000000       180.0440000000        17.1800000000    672
      417.7540000000       402.7050000000        28.2280000000    673
      418.1530000000       271.2390000000        30.9930000000    674
      418.5170000000        39.8190000000        36.7730000000    675
      419.0980000000       132.7580000000        16.3890000000    676
      418.9850000000       294.0930000000        42.4310000000    677
      418.9620000000       351.4820000000        43.4880000000    678
      419.1880000000       455.0440000000        78.1650000000    679
      419.7020000000       196.0790000000         8.5020000000    680
      420.7050000000        71.4800000000        60.3400000000    681
      420.5630000000       299.4040000000        44.2100000000    682
      421.0470000000       267.6180000000        30.9210000000    683
      421.7760000000       362.0180000000        46.9110000000    684
      421.7940000000       519.5110000000        70.7090000000    685
      421.9840000000        19.4580000000        39.3480000000    686
      422.4470000000       282.6090000000         7.5240000000    687
      422.1540000000       349.1190000000         5.8540000000    688
      422.7850000000       378.4970000000        71.5740000000    689
      422.9000000000       400.9850000000        56.3030000000    690
      422.7870000000       472.4360000000        39.5990000000    691
      423.4620000000       377.2140000000         7.8270000000    692
      423.2950000000       455.1290000000        48.8210000000    693
      423.8830000000       294.0130000000        43.0760000000    694
      424.4820000000         9.4080000000        14.5530000000    695
      424.2300000000       291.4420000000        35.4200000000    696
      424.1370000000       401.2280000000        37.9980000000    697
      424.9070000000       310.2470000000        56.1680000000    698
      425.8350000000       496.3770000000        21.2580000000    699
      426.5630000000       337.4580000000        11.4000000000    700
      426.3270000000       369.6030000000        70.5130000000    701
      426.7990000000       291.1070000000        14.4420000000    702
      427.2230000000       361.1650000000        42.9860000000    703
      427.4490000000       369.4760000000        39.5570000000    704
      427.3020000000       437.3290000000        36.0610000000    705
      427.9640000000       260.3960000000        15.3790000000    706
      428.2120000000       273.1440000000        24.6550000000    707
      427.8640000000       406.0560000000        61.2240000000    708
      428.6220000000        46.6390000000        47.9920000000    709
      428.6990000000       415.3390000000        23.7040000000    710
      428.2750000000       440.9380000000        33.2050000000    711
      428.2810000000       467.0930000000        62.3370000000    712
      429.9300000000       416.4770000000        80.8990000000    713
      430.0060000000       467.0690000000        36.6810000000    714
      430.4080000000       277.2680000000        10.8740000000    715
      430.7630000000       297.7330000000        15.6740000000    716
      431.2220000000       336.4760000000         9.5710000000    717
      431.8200000000       288.9050000000        36.1850000000    718
      432.5680000000        65.8580000000        13.7530000000    719
      432.8960000000       460.1580000000        78.0640000000    720
      432.4890000000       477.5620000000        78.2630000000    721
      434.1020000000       444.1260000000        71.6540000000    722
      434.8580000000       147.9520000000        13.5160000000    723
      435.7960000000       394.3950000000        62.4890000000    724
      436.1910000000       124.7430000000        15.5300000000    725
      436.4310000000       278.4380000000        12.1180000000    726
      436.5420000000       408.5410000000        58.7040000000    727
      436.9040000000        59.5860000000        10.6340000000    728
      438.0360000000       410.3460000000        70.7640000000    729
      439.3690000000       289.7270000000        50.6020000000    730
      439.3190000000       295.3100000000        50.4750000000    731
      439.4960000000       339.2120000000        30.4090000000    732
      440.1290000000        66.7870000000        11.8040000000    733
      439.7620000000       360.3280000000        42.4660000000    734
      440.5670000000        69.1930000000        17.6080000000    735
      440.9880000000       432.0480000000        35.5070000000    736
      442.2710000000        93.5470000000        19.3800000000    737
      441.9650000000       139.5790000000        11.5960000000    738
      442.2260000000       273.8530000000        29.3640000000    739
      441.8010000000       408.8540000000        60.0310000000    740
      441.7720000000       415.9400000000        22.2480000000    741
      443.1200000000        69.3130000000        39.3480000000    742
      445.5780000000       135.2380000000        12.0980000000    743
      446.7990000000        62.8790000000        37.3260000000    744
      447.6530000000       471.0140000000        52.5080000000    745
      449.2960000000       443.3380000000        76.8640000000    746
      449.6430000000       350.3610000000        74.2160000000    747
      449.8270000000       350.9780000000        66.2000000000    748
      449.7130000000       396.4190000000        29.2360000000    749
      449.5910000000       421.9270000000        53.2380000000    750
      449.7910000000       462.8790000000        77.9220000000    751
      452.3140000000       441.9360000000        39.6560000000    752
      453.0640000000       345.6770000000         3.7740000000    753
      453.4450000000       205.3920000000        16.6380000000    754
      455.3080000000       474.3250000000        55.4820000000    755
      455.7430000000       399.2810000000        70.3170000000    756
      455.9190000000       436.6880000000        39.4840000000    757
      456.6570000000       113.9010000000        15.2220000000    758
      456.7510000000       285.2880000000        50.5180000000    759
      459.3510000000       460.1510000000        23.3640000000    760
      459.5000000000       381.8120000000        55.0340000000    761
      461.9680000000       372.3970000000        59.2890000000    762
      462.5620000000        94.8860000000        21.2990000000    763
      463.4160000000       300.0450000000        53.3500000000    764
      464.3020000000       265.1090000000        11.0980000000    765
      464.4830000000       427.9560000000        31.6140000000    766
      465.1700000000       273.2050000000         9.4620000000    767
      465.7170000000       320.5430000000         7.9870000000    768
      465.3740000000       421.4800000000        72.1020000000    769
      467.6860000000        90.3900000000        20.9630000000    770
      468.0300000000       357.6060000000        68.0440000000    771
      468.8530000000       192.5920000000        10.4490000000    772
      468.6100000000       370.2370000000        36.9310000000    773
      469.7430000000       355.8570000000        19.9520000000    774
      469.6630000000       427.3800000000        18.0370000000    775
      470.4470000000       470.9990000000        21.7970000000    776
      471.2630000000        81.7240000000        13.6980000000    777
      471.1370000000       326.4210000000        16.0090000000    778
      471.4680000000       227.2650000000        16.4360000000    779
      472.6220000000       278.0190000000         8.9620000000    780
      472.7990000000       365.8170000000         6.9940000000    781
      473.9600000000       451.0640000000        58.5700000000    782
      474.1520000000       221.4870000000        14.4490000000    783
      474.3230000000       317.2480000000         6.7650000000    784
      474.3730000000       441.5870000000        49.7000000000    785
      474.8060000000        58.2050000000        17.8090000000    786
      475.8900000000       360.9990000000        41.3720000000    787
      477.6900000000       244.0030000000        13.6480000000    788
      477.5590000000       340.4700000000        20.9980000000    789
      477.6110000000       394.3450000000        61.2000000000    790
      480.4140000000       262.4660000000         8.4610000000    791
      480.6370000000       287.1260000000        32.2790000000    792
      480.5790000000       315.3060000000        61.9940000000    793
      481.4010000000       426.6630000000        39.3960000000    794
      482.6920000000       221.9320000000        22.3240000000    795
      482.5470000000       316.7790000000        32.5210000000    796
      482.7600000000       335.8360000000        25.5110000000    797
      483.0560000000       305.0660000000        41.5050000000    798
      484.1150000000       404.8290000000         6.3690000000    799
      486.1460000000        66.9460000000        16.9350000000    800
      486.1790000000       285.8960000000        39.2890000000    801
      486.3470000000       394.9600000000        53.0190000000    802
      487.6470000000       350.3330000000        65.8560000000    803
      488.9870000000       319.1380000000         5.1290000000    804
      488.8120000000       325.8270000000         3.5840000000    805
      489.6440000000       382.8460000000        27.0700000000    806
      490.5910000000       408.2230000000        31.6470000000    807
      491.1000000000       338.9920000000        66.6380000000    808
      491.3030000000       406.9100000000        43.0770000000    809
      493.2440000000       136.0750000000        17.1850000000    810
      493.7960000000       441.1920000000        44.3530000000    811
      494.2650000000       400.0440000000        29.2590000000    812
      494.4830000000       234.9630000000        41.7470000000    813
      495.3040000000       215.7560000000        13.7410000000    814
      496.8950000000       342.3820000000        14.9970000000    815
      497.4940000000       336.6780000000        15.2750000000    816
      497.5580000000       377.4160000000        61.7820000000    817
      498.3560000000       274.8310000000        49.1580000000    818
      498.6240000000       245.9110000000        11.3660000000    819
      501.2180000000       222.4950000000        14.0190000000    820
      501.1660000000       322.6190000000        46.8670000000    821
      501.9720000000       231.6680000000        41.4090000000    822
      503.4530000000       260.3580000000        49.9910000000    823
      505.2870000000       315.1070000000        46.4830000000    824
      504.8780000000       321.6900000000        16.2860000000    825
      505.6570000000       184.9790000000        21.1300000000    826
      505.9820000000       226.9810000000        28.2740000000    827
      505.9950000000       255.2010000000        34.8230000000    828
      505.9230000000       314.8840000000        54.9060000000    829
      507.5150000000       320.1280000000        31.0920000000    830
      508.5800000000       205.9940000000        17.3820000000    831
      508.5360000000       356.4610000000         9.1700000000    832
      509.8220000000       273.0200000000         7.0480000000    833
      509.5070000000       344.1020000000        25.3200000000    834
      510.2020000000       222.0520000000        24.9130000000    835
      510.8980000000       381.5370000000        29.1210000000    836
      511.3170000000       195.8140000000        20.5900000000    837
      511.5520000000       210.3120000000        16.6360000000    838
      511.1450000000       217.7550000000        23.3990000000    839
      511.8190000000       262.4710000000        40.2210000000    840
      512.5970000000       346.4130000000        40.5500000000    841
      512.7250000000       201.7520000000         9.6940000000    842
      513.5140000000       270.1300000000         8.2940000000    843
      514.8850000000       245.7300000000        44.3810000000    844
      516.0480000000       271.6870000000        45.5090000000    845
      516.6330000000       312.4190000000        23.3610000000    846
      517.2870000000       229.2810000000        43.1950000000    847
      518.4640000000       318.3570000000        15.9320000000    848
      519.4250000000       310.3900000000        51.1370000000    849
      519.4620000000       324.6430000000        28.8100000000    850
      519.7950000000       364.2940000000        67.4890000000    851
      520.2390000000       218.6620000000        12.2540000000    852
      520.8430000000       297.1200000000        46.9000000000    853
      521.0300000000       193.1040000000        15.2760000000    854
      521.2860000000       360.3130000000        32.1040000000    855
      521.9670000000       180.5660000000        11.1150000000    856
      521.7460000000       261.7850000000         3.6050000000    857
      522.1350000000       171.1180000000        14.8930000000    858
      524.0570000000       334.4880000000        29.9410000000    859
      524.5390000000       299.2170000000        27.8160000000    860
      525.4770000000       398.4210000000        46.9780000000    861
      526.1240000000       292.8230000000        46.9950000000    862
      527.1790000000       249.8200000000        41.7490000000    863
      527.0010000000       306.2420000000        57.7040000000    864
      527.7620000000       188.6750000000        10.4420000000    865
      528.4280000000       267.8690000000        26.4300000000    866
      528.5540000000       287.4580000000        37.1620000000    867
      529.1400000000       345.7370000000        10.5520000000    868
      529.6110000000       275.8320000000        54.7330000000    869
      530.4680000000       176.8360000000        15.7270000000    870
      530.7470000000       382.3120000000        52.1400000000    871
      531.0420000000       316.8740000000        14.2910000000    872
      532.2140000000       283.2430000000        46.9670000000    873
      532.8230000000       161.6410000000        11.2090000000    874
      532.6830000000       263.1020000000         4.2370000000    875
      533.1810000000       237.4930000000        43.0670000000    876
      533.5300000000       271.3230000000        29.3620000000    877
      533.7160000000       292.8890000000        57.8950000000    878
      536.1500000000       273.7250000000        25.0230000000    879
      536.2450000000       384.5660000000         7.9880000000    880
      537.0220000000       281.4850000000        26.2900000000    881
      539.6100000000       338.0810000000        45.9260000000    882
      541.7070000000       351.1020000000        30.6060000000    883
      542.0780000000       348.6990000000         7.4060000000    884
      543.9460000000       297.5600000000        58.2520000000    885
      544.6610000000       303.6710000000        38.3680000000    886
      545.0160000000       258.3930000000        39.6240000000    887
      546.1980000000       238.6670000000        49.6810000000    888
      546.2080000000       271.7140000000         7.6390000000    889
      547.3970000000       226.2170000000        49.0510000000    890
      547.5090000000       345.8720000000        30.2680000000    891
      549.4500000000       267.2630000000        61.3610000000    892
      549.8140000000       138.7100000000        14.9740000000    893
      550.9280000000       277.8020000000        55.5750000000    894
      551.2950000000       228.0640000000        11.0390000000    895
      551.7550000000       251.2690000000         9.6980000000    896
      553.3390000000       192.9010000000        45.4900000000    897
      553.6900000000       310.3150000000        39.5040000000    898
      553.6580000000       325.8860000000        48.6650000000    899
      554.0270000000       187.7490000000        14.9430000000    900
      553.9570000000       257.1700000000        31.9730000000    901
      554.4560000000       264.7990000000        50.0900000000    902
      554.4310000000       272.3860000000        53.0240000000    903
      556.2290000000       153.4410000000        17.2130000000    904
      558.0220000000       267.0540000000        31.8540000000    905
      558.7370000000       221.2870000000        51.6830000000    906
      559.1950000000       281.6070000000        33.0900000000    907
      559.2110000000       301.2430000000        30.8980000000    908
      559.6950000000       159.8050000000        11.8950000000    909
      559.9440000000       293.4250000000        25.1410000000    910
      561.8460000000       225.2650000000         9.4570000000    911
      563.0440000000       229.9740000000        41.9810000000    912
      564.3650000000       305.3490000000        27.2470000000    913
      565.4110000000       168.6650000000        13.3530000000    914
      566.3750000000       280.2020000000        21.8440000000    915
      567.2680000000       209.2870000000        47.5850000000    916
      569.4590000000       252.7990000000        24.2600000000    917
      571.4020000000       172.7660000000        18.7940000000    918
      572.5390000000       291.7760000000         7.2710000000    919
      573.9320000000       208.2120000000        46.8490000000    920
      575.8080000000       256.1960000000        17.8500000000    921
      576.8180000000       198.8880000000        10.1170000000    922
      582.4260000000       241.7910000000        44.7320000000    923
      583.8980000000       199.9020000000         9.2270000000    924
      583.8840000000       231.2170000000        28.5880000000    925
      588.4190000000       209.0560000000        36.2500000000    926
      589.0390000000       203.9650000000        38.9510000000    927
      594.6550000000       248.0470000000        17.1810000000    928
      595.0860000000       185.3860000000        35.5320000000    929
      598.7730000000       185.0950000000        48.7830000000    930
      603.0760000000       232.2110000000        13.2860000000    931
      612.6570000000       211.9530000000        11.4060000000    932
      614.7280000000       191.8140000000        21.4300000000    933
      620.7390000000       211.8910000000        24.1670000000    934
      635.4640000000       218.9840000000        13.0060000000    935
      103.4770000000       506.3350000000        81.2670000000    936
      114.6190000000       473.2170000000       110.1590000000    937
      124.5070000000       445.8850000000       119.3090000000    938
      150.5440000000       357.4620000000        49.7130000000    939
      153.4010000000       281.0070000000        53.8680000000    940
      184.8640000000       461.5840000000        53.2590000000    941
      196.3020000000       279.8930000000        50.6370000000    942
      209.6290000000       363.9160000000        62.8600000000    943
      227.5620000000       227.0420000000        29.0220000000    944
      238.6370000000       337.5320000000        70.4800000000    945
      266.6840000000       446.4080000000        52.8970000000    946
      266.7560000000       403.1360000000        27.5960000000    947
      275.9850000000       171.4190000000        65.2810000000    948
      305.4440000000       429.2070000000        68.8560000000    949
      320.7050000000       192.5880000000        63.8050000000    950
      344.7210000000       252.2040000000        20.4490000000    951
      362.7330000000       265.4210000000        13.5350000000    952
      374.8300000000        43.4460000000        22.4830000000    953
      388.4740000000        84.3120000000        24.5110000000    954
      393.1350000000        66.1400000000        20.1720000000    955
      427.4150000000        25.6660000000        11.0090000000    956
      439.3720000000       295.7540000000         8.1580000000    957
      464.2600000000       458.0360000000        55.4310000000    958
      480.9290000000       346.5050000000        15.4550000000    959
      483.4670000000       279.9070000000        59.0390000000    960
      523.2120000000       340.4120000000        72.5500000000    961
      576.6840000000       263.9940000000        34.6450000000    962
