       79.6160000000       394.8160000000        96.7550000000      0
       80.7590000000       258.2500000000       119.2190000000      1
       81.7460000000       265.4930000000       107.6990000000      2
       82.6210000000       321.5420000000       100.4220000000      3
       84.5040000000       152.4510000000        85.0220000000      4
       84.5770000000       334.7320000000        91.5450000000      5
       87.0230000000       177.7750000000       113.2250000000      6
       87.2280000000       228.0810000000        97.5410000000      7
       89.5220000000       271.2360000000        95.5370000000      8
       90.5200000000       357.4960000000        80.7390000000      9
       91.1890000000       256.6340000000        97.1940000000     10
       91.8700000000       304.0930000000        84.6140000000     11
       92.5020000000       222.2450000000       119.2750000000     12
       92.5140000000       253.0500000000       113.3380000000     13
       92.5060000000       403.9580000000        94.0680000000     14
       93.2110000000       240.4230000000       108.1200000000     15
       93.1430000000       277.3930000000       106.9070000000     16
       93.8070000000       351.0870000000       102.2710000000     17
       94.4930000000       190.2480000000       100.6450000000     18
       94.2710000000       199.6970000000       125.7430000000     19
       94.6730000000       282.4540000000        80.1110000000     20
       95.4100000000       259.9570000000        85.9840000000     21
       96.5320000000       137.1510000000       124.0430000000     22
       96.7730000000       174.0110000000       127.4400000000     23
       96.8290000000       285.3030000000        91.7490000000     24
       97.1240000000       380.8140000000        80.9180000000     25
       98.4000000000       261.4450000000       106.2650000000     26
       98.4450000000       329.7140000000        78.7280000000     27
       98.0980000000       366.2760000000        84.5150000000     28
       98.4670000000       288.1870000000        45.7000000000     29
       99.2260000000       350.7370000000        82.1330000000     30
       99.5510000000       163.9450000000       120.3510000000     31
       99.6840000000       191.5270000000       116.1230000000     32
       99.6520000000       270.5980000000        93.3540000000     33
      100.1450000000       246.4800000000        54.7320000000     34
      101.0280000000       125.1610000000       101.9140000000     35
      100.9080000000       209.0570000000       103.5400000000     36
      101.4660000000       233.8950000000       113.6800000000     37
      101.3150000000       377.9380000000        96.2300000000     38
      101.7840000000       269.7650000000        74.9480000000     39
      101.8810000000       294.6260000000        84.3010000000     40
      102.1470000000       199.4590000000        92.2140000000     41
      102.1600000000       250.2940000000        73.6840000000     42
      101.9930000000       346.0020000000        82.2790000000     43
      102.0350000000       360.2570000000        70.6430000000     44
      102.0040000000       397.7700000000        80.4340000000     45
      102.5000000000       344.0870000000        94.1480000000     46
      102.5560000000       367.7900000000        73.6610000000     47
      102.7970000000       158.0300000000        84.2090000000     48
      102.9650000000       231.5990000000        99.2660000000     49
      102.9790000000       273.6260000000        83.4580000000     50
      103.2860000000       220.9810000000        90.0420000000     51
      103.6810000000       208.5320000000       113.5960000000     52
      103.6090000000       244.4800000000       105.5250000000     53
      103.7460000000       303.5340000000        68.9950000000     54
      103.5700000000       353.5320000000        94.7920000000     55
      104.1310000000       281.1780000000        65.4790000000     56
      104.9430000000       168.2410000000       104.5600000000     57
      105.3530000000       247.4530000000        95.6650000000     58
      105.1100000000       287.3010000000        58.5050000000     59
      105.5670000000       142.3660000000       112.7320000000     60
      105.7530000000       171.7450000000       128.6090000000     61
      105.6060000000       263.8380000000        89.7080000000     62
      105.8220000000       321.1560000000       100.5160000000     63
      105.7000000000       361.6690000000        84.0510000000     64
      106.2330000000       177.9400000000       110.7740000000     65
      106.1660000000       188.9640000000        74.1760000000     66
      106.2220000000       244.5560000000        73.3710000000     67
      106.3690000000       290.0960000000        95.8550000000     68
      106.2980000000       364.3310000000        75.9240000000     69
      106.6780000000       255.6210000000        85.8830000000     70
      107.0770000000       167.2260000000       126.2610000000     71
      107.1710000000       373.5460000000        91.5310000000     72
      107.4600000000       149.7390000000       101.0970000000     73
      107.5880000000       381.3700000000        72.6210000000     74
      108.0220000000       158.5220000000       100.8180000000     75
      107.8970000000       298.2630000000        98.4800000000     76
      108.3920000000       268.7170000000       101.6080000000     77
      108.4680000000       297.4700000000        68.7660000000     78
      108.7390000000       200.1320000000       110.3580000000     79
      108.6480000000       312.3650000000        93.6620000000     80
      109.2340000000       181.5290000000        97.7970000000     81
      110.0850000000       344.0610000000        69.5750000000     82
      111.0080000000       185.2520000000       113.7240000000     83
      111.0050000000       279.2260000000        70.4670000000     84
      111.4960000000       363.3940000000        96.1270000000     85
      111.8790000000       147.7010000000       119.7190000000     86
      111.8820000000       237.1400000000        89.0120000000     87
      111.8780000000       332.5750000000        75.3040000000     88
      112.4760000000       180.7570000000       124.8720000000     89
      112.3050000000       302.2400000000        81.7080000000     90
      112.1560000000       381.1800000000        71.7720000000     91
      113.1700000000       165.8890000000       126.0770000000     92
      112.9400000000       271.3370000000        83.1510000000     93
      113.5520000000       320.1960000000        78.3040000000     94
      114.3520000000       396.3530000000        89.6100000000     95
      114.6500000000       202.3830000000       103.2530000000     96
      114.8010000000       209.2890000000       105.6390000000     97
      114.4850000000       384.5840000000        92.5970000000     98
      114.5030000000       397.3080000000        71.7140000000     99
      115.4410000000       108.6330000000       105.4550000000    100
      115.8600000000       285.5960000000        93.4860000000    101
      116.1170000000       338.0790000000        93.9120000000    102
      116.5150000000       183.2400000000       127.1210000000    103
      116.4630000000       197.0010000000        75.8960000000    104
      116.6130000000       200.5490000000        91.1030000000    105
      117.1970000000       108.9000000000        98.1720000000    106
      116.9470000000       210.5760000000        75.3440000000    107
      117.3130000000       207.6980000000       116.7850000000    108
      117.4840000000       223.9470000000        64.6720000000    109
      117.6370000000       286.1000000000        80.0200000000    110
      118.5600000000       322.0090000000        94.0180000000    111
      118.6790000000       429.8530000000        68.4140000000    112
      118.9320000000       191.7200000000       118.0650000000    113
      119.8720000000       257.5390000000        60.1400000000    114
      119.6620000000       410.1800000000        70.4800000000    115
      120.1800000000       154.5700000000       111.3040000000    116
      120.1250000000       200.5230000000        77.1410000000    117
      120.2310000000       254.5100000000        98.4460000000    118
      120.3270000000       299.3060000000        53.6970000000    119
      119.9810000000       355.8050000000        95.2130000000    120
      120.3460000000       123.0690000000       131.2780000000    121
      120.6280000000       390.5010000000        62.9040000000    122
      120.7930000000       265.1870000000        98.9490000000    123
      121.0910000000       267.4580000000        51.6770000000    124
      121.3060000000       165.1860000000       123.2940000000    125
      121.7190000000       162.0690000000        91.5810000000    126
      121.6070000000       191.5670000000        78.0900000000    127
      122.4380000000       235.8560000000        63.5490000000    128
      122.2940000000       360.0380000000        70.9610000000    129
      123.4450000000       181.3220000000        86.6840000000    130
      124.0650000000       119.2890000000        96.2170000000    131
      124.4170000000       146.7750000000       120.9350000000    132
      124.3950000000       343.3470000000        50.0100000000    133
      124.7130000000       155.6430000000       134.2740000000    134
      124.7250000000       232.0820000000       107.0010000000    135
      124.8160000000       254.8210000000        98.1290000000    136
      124.7060000000       368.0690000000        89.9120000000    137
      125.1130000000       113.1830000000       114.6750000000    138
      125.0730000000       241.2420000000       102.7490000000    139
      125.5220000000       383.2240000000        63.9470000000    140
      125.8860000000       137.1610000000       113.9090000000    141
      125.8570000000       284.1330000000        54.4210000000    142
      125.8480000000       428.7670000000        70.5150000000    143
      126.7820000000       221.2130000000        54.1550000000    144
      127.3510000000       101.9680000000       129.4170000000    145
      127.5900000000       177.0660000000       119.9640000000    146
      127.7210000000       292.8450000000        89.8710000000    147
      127.7400000000       353.3120000000        59.9980000000    148
      127.4930000000       360.1840000000        70.8140000000    149
      128.4300000000       331.2190000000        68.9310000000    150
      128.6480000000       340.8190000000        79.8820000000    151
      129.1480000000        96.9920000000       153.7080000000    152
      129.0680000000       127.2110000000       115.8420000000    153
      129.7830000000       193.8560000000       100.1830000000    154
      130.1940000000       168.3610000000        87.5340000000    155
      130.5850000000       182.8620000000        62.5540000000    156
      131.0210000000       251.1340000000        70.2310000000    157
      131.0510000000       349.1630000000        31.4010000000    158
      131.6390000000       186.0090000000        73.9780000000    159
      131.4500000000       296.9180000000        90.8720000000    160
      131.7510000000       135.5150000000        73.2510000000    161
      132.3400000000       212.7980000000       102.3560000000    162
      132.4010000000       343.8610000000        52.0510000000    163
      132.6230000000        66.7320000000       121.1380000000    164
      132.6310000000       141.9620000000        85.9840000000    165
      132.7400000000       230.8900000000        62.8390000000    166
      133.0590000000       136.7760000000       134.9240000000    167
      132.8800000000       158.8500000000        86.8190000000    168
      133.0780000000       167.1190000000        65.4520000000    169
      133.0310000000       385.4400000000        80.5180000000    170
      133.4970000000       247.3290000000        52.6920000000    171
      133.7840000000       271.6300000000        56.6990000000    172
      134.2250000000       265.3250000000       101.4430000000    173
      134.1830000000       361.7060000000        92.7210000000    174
      134.0460000000       368.2740000000        91.9540000000    175
      134.5010000000       138.5180000000       130.8430000000    176
      134.9760000000       188.6360000000       114.5380000000    177
      135.1250000000       326.3890000000        52.8530000000    178
      135.0770000000       404.5310000000        68.2180000000    179
      135.4120000000       321.4270000000        40.7560000000    180
      135.4790000000       350.8420000000        86.8060000000    181
      135.8530000000       128.5750000000       122.9470000000    182
      135.7800000000       264.3410000000        42.2010000000    183
      136.1760000000       242.7930000000        67.7000000000    184
      136.1620000000       361.0920000000        23.9800000000    185
      136.5390000000       332.0030000000        86.7070000000    186
      136.9550000000       165.4880000000       125.2150000000    187
      136.8250000000       210.2050000000        73.0870000000    188
      137.0080000000       302.3770000000        94.1530000000    189
      137.3590000000       110.0960000000       124.3260000000    190
      137.2130000000       149.3790000000       125.1080000000    191
      137.4280000000       249.2370000000        97.3000000000    192
      137.7210000000       125.7670000000        84.5570000000    193
      137.9880000000       138.8850000000        87.6000000000    194
      139.0650000000       225.0460000000        62.0020000000    195
      138.7250000000       314.4020000000        86.3410000000    196
      138.7180000000       337.7170000000        47.6620000000    197
      139.2890000000       117.9700000000       130.0260000000    198
      139.1180000000       432.5630000000        72.5010000000    199
      139.6030000000       299.5640000000        45.8760000000    200
      140.3260000000       191.8240000000        69.4620000000    201
      140.4200000000       386.2790000000        82.9040000000    202
      140.8630000000       183.9830000000       121.3240000000    203
      141.3880000000       125.9920000000       134.2690000000    204
      141.4910000000       373.2210000000        36.4990000000    205
      141.6900000000       381.2600000000        82.5360000000    206
      141.6950000000       391.8570000000        69.5450000000    207
      142.0890000000       203.3220000000        58.3730000000    208
      141.9570000000       322.7040000000        56.7360000000    209
      142.2950000000       382.2050000000        53.8140000000    210
      142.4210000000       404.8960000000        52.9140000000    211
      143.5210000000       245.9440000000        64.1150000000    212
      144.1170000000       194.1020000000        53.1350000000    213
      143.9420000000       219.8690000000        95.3290000000    214
      143.9100000000       356.0890000000        92.9280000000    215
      144.1230000000       394.8470000000        87.0560000000    216
      144.4490000000       145.8970000000       132.0940000000    217
      144.4490000000       205.6560000000       105.7510000000    218
      144.5250000000       269.4330000000        36.1580000000    219
      144.9050000000       116.9910000000       144.6250000000    220
      145.2980000000        61.8900000000       123.7820000000    221
      145.1820000000       139.7140000000        97.7760000000    222
      145.2330000000       411.9510000000        71.0810000000    223
      145.5190000000        89.7960000000       141.2260000000    224
      145.5530000000       418.5430000000        59.5200000000    225
      145.4950000000       426.2950000000        77.3950000000    226
      146.0210000000       148.1680000000       128.0070000000    227
      146.5530000000       207.8530000000        58.0810000000    228
      146.8320000000       216.9390000000        46.7990000000    229
      147.0190000000       123.0430000000        73.1450000000    230
      147.0820000000       277.2950000000        89.7530000000    231
      147.3790000000        52.1830000000       123.7710000000    232
      147.5820000000       104.1360000000       101.0220000000    233
      147.5700000000       145.4000000000        70.8810000000    234
      147.7540000000       262.6550000000        35.6720000000    235
      147.8580000000       285.5830000000        46.3020000000    236
      148.0090000000       324.0940000000        79.1070000000    237
      147.9980000000       339.7510000000        42.0790000000    238
      148.1570000000        83.1820000000       123.5850000000    239
      148.1620000000       351.2510000000        81.2710000000    240
      148.5650000000       290.5370000000        52.8260000000    241
      149.2220000000       311.7600000000        32.4940000000    242
      149.2520000000        82.5080000000       144.5660000000    243
      149.2730000000        88.8580000000        88.5680000000    244
      149.8860000000        93.5340000000       121.3510000000    245
      150.3590000000       156.1720000000       126.3650000000    246
      150.5660000000       329.8370000000        91.6410000000    247
      150.5660000000       362.6290000000        81.1830000000    248
      151.5300000000       198.8930000000        99.1250000000    249
      151.9280000000       197.5750000000        45.9360000000    250
      152.2850000000        87.1480000000       100.7310000000    251
      152.2070000000       175.9450000000       110.9880000000    252
      152.3800000000       260.0160000000        78.2410000000    253
      152.7330000000       418.5270000000        70.6000000000    254
      152.8830000000       127.2120000000       101.8120000000    255
      153.0000000000       329.6760000000        53.5320000000    256
      152.9590000000       337.4200000000        33.3190000000    257
      153.2600000000       317.8150000000        26.4980000000    258
      153.6330000000       133.3280000000        68.3720000000    259
      154.0780000000       305.4170000000        46.5660000000    260
      154.7170000000       117.3500000000       140.4440000000    261
      154.6730000000       246.5840000000       102.2060000000    262
      154.9820000000       256.9160000000        47.3060000000    263
      154.9350000000       301.0620000000        58.3390000000    264
      154.9390000000       448.3880000000        29.8470000000    265
      155.4600000000       126.4130000000       133.9020000000    266
      155.2800000000       399.7750000000        86.9850000000    267
      155.6780000000        85.4260000000       108.0140000000    268
      155.7210000000       367.9250000000        48.0120000000    269
      155.7120000000       372.6730000000        82.7230000000    270
      155.9610000000        77.1920000000       158.6260000000    271
      156.1590000000       269.2410000000        93.3500000000    272
      156.0480000000       407.8050000000        78.5630000000    273
      156.0060000000       420.1260000000        77.2490000000    274
      156.4240000000        85.7600000000       154.4320000000    275
      156.4170000000       114.3970000000       135.1440000000    276
      156.9700000000       298.4670000000        64.0170000000    277
      156.9580000000       388.9380000000        29.7110000000    278
      157.3850000000       444.0320000000        31.2160000000    279
      158.1100000000       255.3650000000        94.4590000000    280
      157.9850000000       395.5850000000        76.1680000000    281
      158.3170000000        97.5970000000       143.3900000000    282
      158.4240000000       129.4780000000       136.0850000000    283
      158.7030000000        86.6700000000       143.0890000000    284
      159.2790000000       341.6260000000        90.1090000000    285
      159.7740000000       363.9930000000        35.1520000000    286
      159.8990000000        62.8170000000       164.9210000000    287
      159.9210000000        73.1480000000       128.6100000000    288
      160.1870000000       176.1280000000       109.6170000000    289
      160.2280000000       275.8870000000        58.3370000000    290
      160.6660000000        91.3040000000       135.9760000000    291
      160.7210000000       104.2780000000       142.7700000000    292
      160.5990000000       171.5920000000        57.6630000000    293
      161.1530000000       193.7230000000        46.2870000000    294
      161.3220000000       341.6570000000        47.2650000000    295
      162.8790000000       166.2270000000        91.6290000000    296
      162.7660000000       270.8350000000        32.5840000000    297
      162.6450000000       293.0190000000        30.3600000000    298
      162.8900000000       322.3480000000        86.4410000000    299
      163.0860000000       119.9090000000        76.3910000000    300
      163.0780000000       224.1700000000        75.9400000000    301
      163.1460000000       312.2040000000        21.4770000000    302
      163.2660000000       345.8420000000        24.0550000000    303
      163.6550000000       148.4440000000        58.0500000000    304
      163.5020000000       155.9540000000       107.2880000000    305
      163.5340000000       314.2710000000        81.9790000000    306
      163.8070000000       220.7170000000        69.5360000000    307
      163.7350000000       402.2990000000        78.7250000000    308
      164.3960000000       206.3240000000        97.8170000000    309
      164.8190000000       377.6030000000        44.0170000000    310
      164.8970000000        88.4720000000       148.8880000000    311
      165.0280000000       427.3320000000        77.0180000000    312
      165.5790000000       136.4310000000       138.4230000000    313
      165.8540000000        67.0010000000       138.3560000000    314
      166.1930000000       293.5860000000        80.0810000000    315
      166.8070000000       333.8940000000        25.0930000000    316
      166.7510000000       418.5050000000        19.3850000000    317
      167.0260000000       135.3560000000       106.8490000000    318
      167.1520000000       148.2380000000       130.1310000000    319
      167.1330000000       433.6360000000        46.0720000000    320
      167.5050000000        35.2100000000       129.9570000000    321
      167.3680000000       477.3340000000        22.9380000000    322
      167.7240000000       278.3780000000        34.5500000000    323
      167.6730000000       395.8780000000        33.0540000000    324
      168.8400000000       334.0010000000        85.8480000000    325
      169.1590000000       427.7620000000        18.4950000000    326
      169.4490000000       457.2100000000        59.1920000000    327
      169.4670000000       471.6630000000        23.0080000000    328
      170.1060000000       264.2450000000        28.2230000000    329
      170.0440000000       448.1960000000        27.1650000000    330
      170.5860000000       255.0560000000        38.7620000000    331
      170.4570000000       368.3430000000        21.2690000000    332
      170.8790000000        97.3720000000        98.9440000000    333
      170.8310000000       183.6610000000       103.5370000000    334
      171.3750000000       380.0390000000        22.0180000000    335
      171.8350000000        73.0720000000       145.2260000000    336
      172.1940000000       136.8000000000       119.9590000000    337
      172.0990000000       396.4780000000        56.9400000000    338
      172.7930000000        41.5400000000       142.6320000000    339
      172.7630000000       409.7730000000        45.1710000000    340
      173.1900000000        33.8640000000       124.1990000000    341
      173.4220000000       147.0680000000       113.8960000000    342
      174.1550000000       328.9510000000        81.2130000000    343
      174.0240000000       343.4030000000        23.0640000000    344
      173.9070000000       419.9480000000        17.6190000000    345
      174.3970000000       113.1670000000       134.8960000000    346
      176.3250000000        72.7010000000       126.1420000000    347
      176.5920000000       105.7480000000        99.8210000000    348
      176.3600000000       469.7430000000        60.8620000000    349
      177.0480000000       387.3580000000        44.4020000000    350
      177.1490000000       401.0150000000        21.5030000000    351
      177.5470000000       149.1730000000        60.5800000000    352
      177.5560000000       398.8370000000        70.5070000000    353
      178.1240000000       434.7120000000        28.6880000000    354
      178.2650000000       165.5260000000       119.4290000000    355
      178.3680000000       463.1830000000        57.4650000000    356
      178.6970000000        87.3980000000        88.8130000000    357
      179.3980000000       229.8380000000        78.0460000000    358
      179.9670000000       144.2010000000       121.0130000000    359
      179.8750000000       284.2360000000        92.1880000000    360
      180.3770000000       367.5630000000        13.8350000000    361
      180.7710000000        74.0140000000       117.9380000000    362
      181.0820000000        95.3450000000       132.8700000000    363
      181.1650000000       385.1790000000        19.7050000000    364
      182.0120000000        97.0680000000       140.3390000000    365
      181.9840000000       405.8640000000        37.5200000000    366
      182.1140000000       244.7070000000        82.8000000000    367
      182.9520000000       109.9680000000        74.1240000000    368
      184.6110000000        89.6780000000       135.6380000000    369
      184.7920000000       435.1140000000        47.2040000000    370
      185.4250000000        71.5830000000       101.6890000000    371
      185.8430000000       233.0820000000        40.5480000000    372
      185.7720000000       388.4890000000        18.6320000000    373
      187.2680000000       216.2460000000       104.5810000000    374
      187.2620000000       398.9280000000        16.7370000000    375
      188.1800000000       388.3380000000        70.9200000000    376
      188.7710000000       337.0420000000        65.2480000000    377
      189.4160000000       368.4100000000        18.0120000000    378
      189.5030000000       127.7620000000       117.4470000000    379
      190.0890000000       151.9640000000        70.2840000000    380
      190.6450000000       265.7170000000        35.8220000000    381
      190.9820000000       223.7060000000        34.5230000000    382
      190.8460000000       228.2150000000        80.6750000000    383
      190.9500000000       332.9180000000        88.0100000000    384
      191.3310000000        76.4430000000       117.8330000000    385
      192.3450000000       439.9340000000        13.8710000000    386
      192.5620000000       458.5380000000        62.4850000000    387
      192.7230000000       243.1190000000        74.7100000000    388
      192.8300000000       455.8000000000        18.8070000000    389
      193.3090000000       188.9920000000       102.3540000000    390
      193.1400000000       203.8290000000        49.6530000000    391
      193.3720000000       344.7610000000        14.6170000000    392
      193.3830000000       365.2790000000        76.9890000000    393
      193.6920000000       283.2350000000        69.7400000000    394
      193.9710000000       467.8800000000        17.0490000000    395
      194.4900000000       147.2220000000        77.5740000000    396
      194.2260000000       166.9680000000        60.3310000000    397
      194.4280000000       382.0690000000        16.1450000000    398
      194.7640000000       500.9820000000        18.1350000000    399
      195.3060000000       453.2600000000        52.6090000000    400
      196.0480000000       150.0910000000       112.5220000000    401
      195.8030000000       260.6560000000        32.6310000000    402
      195.8460000000       313.1490000000        91.4820000000    403
      196.0500000000       442.5500000000        25.8110000000    404
      196.3910000000       189.7940000000        55.0750000000    405
      196.2820000000       355.5880000000        48.2190000000    406
      196.5990000000       101.5690000000        93.2030000000    407
      196.9220000000       228.1040000000        46.1240000000    408
      197.6620000000       338.3180000000        48.7800000000    409
      197.8150000000        96.0650000000       119.9290000000    410
      197.8110000000       195.6100000000        84.5870000000    411
      198.3980000000       243.7090000000        55.2100000000    412
      198.1200000000       436.0370000000        29.2190000000    413
      198.8490000000       308.8130000000        22.5630000000    414
      199.5840000000       363.7390000000        18.1800000000    415
      199.9240000000       311.7250000000        51.1170000000    416
      199.6790000000       522.9610000000        21.2840000000    417
      200.3670000000       275.3640000000        29.8200000000    418
      200.4250000000       447.8810000000        69.3270000000    419
      200.6840000000       205.1280000000        97.9650000000    420
      200.8260000000       261.5920000000        32.6740000000    421
      201.4310000000       125.2230000000       105.4300000000    422
      201.4530000000       355.0200000000        12.9250000000    423
      201.6550000000       336.2750000000        42.3020000000    424
      202.0150000000       186.2680000000        65.9200000000    425
      202.2410000000       247.9740000000        52.8740000000    426
      202.5960000000       229.1090000000        65.2250000000    427
      202.4460000000       445.7580000000        30.1450000000    428
      203.0020000000       395.1150000000        14.0670000000    429
      204.7720000000        83.3880000000        88.1230000000    430
      205.2780000000       109.6880000000       117.1880000000    431
      205.1580000000       189.1230000000        95.3770000000    432
      205.3550000000       210.0400000000        70.3840000000    433
      205.2600000000       242.2080000000        56.4930000000    434
      205.3360000000       264.5040000000        60.3400000000    435
      205.3480000000       305.8180000000        31.9930000000    436
      205.1640000000       313.0430000000        28.4130000000    437
      205.1760000000       443.0260000000        69.3340000000    438
      205.8600000000       374.1660000000        55.1200000000    439
      205.8780000000       451.0880000000        29.9700000000    440
      206.2160000000       522.9180000000        30.7020000000    441
      206.4360000000        87.9810000000        86.2670000000    442
      207.4530000000       454.3760000000        14.4760000000    443
      207.6860000000       445.2480000000        30.1590000000    444
      207.8940000000       484.4260000000        21.0020000000    445
      208.9340000000       473.3720000000        61.3260000000    446
      209.0930000000       294.1120000000        38.7860000000    447
      209.7840000000       120.9600000000        73.6170000000    448
      209.5570000000       279.7240000000        35.9780000000    449
      210.5830000000       263.9240000000        69.8560000000    450
      211.0350000000       397.5550000000        75.9510000000    451
      211.9900000000       157.3710000000        84.2820000000    452
      212.0220000000       433.2760000000        64.7730000000    453
      211.8150000000       494.1340000000        29.6760000000    454
      212.4880000000       177.4840000000        43.0470000000    455
      212.3600000000       246.8020000000        45.4840000000    456
      212.8070000000       251.7530000000        62.5790000000    457
      212.8150000000       411.9710000000        68.9780000000    458
      213.2660000000       184.0880000000        79.4930000000    459
      213.5340000000        34.7360000000       119.4170000000    460
      213.8470000000       268.8610000000        69.7960000000    461
      214.2930000000       365.7870000000        65.4360000000    462
      214.6190000000       273.2420000000        62.1040000000    463
      214.9340000000       141.3850000000        83.0510000000    464
      215.6140000000       117.2930000000        67.8370000000    465
      215.8460000000       309.9970000000        68.9880000000    466
      216.6760000000       246.0480000000        30.0990000000    467
      217.0110000000       527.1500000000        22.6700000000    468
      217.4680000000       421.6800000000        48.5620000000    469
      218.6410000000       279.6760000000        65.8250000000    470
      220.4460000000       426.4010000000        19.5850000000    471
      220.8840000000        63.6570000000        99.5360000000    472
      221.0140000000       336.3430000000        58.0290000000    473
      221.8610000000       379.0980000000        50.4040000000    474
      222.2800000000       328.6080000000        34.1560000000    475
      222.8020000000       303.1170000000        54.7510000000    476
      223.3030000000       346.9230000000        62.5860000000    477
      223.1090000000       409.7640000000        11.4070000000    478
      223.8230000000       298.8740000000        34.6410000000    479
      223.4990000000       402.2560000000        12.4260000000    480
      223.8740000000       424.1410000000        65.4880000000    481
      223.7110000000       514.0700000000         9.2800000000    482
      224.1260000000       217.9820000000        54.8860000000    483
      223.9810000000       447.5350000000        59.1660000000    484
      224.5370000000        66.7750000000       109.1710000000    485
      224.6470000000       386.6860000000        62.9700000000    486
      225.3500000000       281.3750000000        41.1920000000    487
      226.1790000000       213.9800000000        54.0990000000    488
      225.9150000000       319.2980000000        24.7070000000    489
      226.6200000000        51.3350000000       102.3530000000    490
      226.8660000000       359.5270000000        51.9170000000    491
      228.3170000000       103.7220000000        76.6890000000    492
      228.3680000000       331.0170000000        70.2670000000    493
      229.0440000000        91.3180000000        82.4250000000    494
      229.4650000000        13.2670000000       125.8660000000    495
      229.7120000000       377.9520000000        27.6460000000    496
      229.8590000000       338.9620000000        40.7470000000    497
      230.1340000000        25.1360000000       129.3990000000    498
      230.4550000000       319.3880000000        55.6290000000    499
      230.8310000000       130.5140000000       112.2120000000    500
      231.0840000000       433.1600000000        54.8660000000    501
      231.2010000000       508.3020000000        42.4190000000    502
      231.6820000000        19.8690000000       130.5910000000    503
      231.3240000000       363.4490000000        47.8470000000    504
      231.5810000000       416.6620000000        13.8750000000    505
      231.4090000000       513.6570000000        43.7300000000    506
      231.7780000000       405.8350000000        10.4110000000    507
      232.5670000000       500.1650000000        42.5180000000    508
      232.9330000000        60.7380000000       117.2040000000    509
      233.6240000000        29.2390000000       116.6590000000    510
      233.7750000000       279.8080000000        27.4120000000    511
      234.3960000000       336.2200000000        55.4340000000    512
      235.0310000000       492.0960000000         4.7990000000    513
      235.5610000000       366.6290000000        28.5200000000    514
      235.4050000000       430.9000000000        25.5070000000    515
      235.8290000000        86.8790000000       125.2150000000    516
      235.6710000000       234.7630000000        32.1310000000    517
      237.6620000000        50.8890000000       102.3680000000    518
      238.0930000000       268.2860000000        38.7920000000    519
      238.7330000000        52.5910000000       137.5060000000    520
      239.3300000000       409.7450000000        24.4240000000    521
      239.8620000000       342.7830000000        45.4780000000    522
      239.9880000000       471.0030000000        19.2920000000    523
      240.3630000000       376.0520000000        29.1960000000    524
      240.4870000000       454.7850000000        26.6410000000    525
      242.0840000000       211.0080000000        44.1010000000    526
      241.8700000000       360.6040000000        15.8820000000    527
      242.6050000000        68.2310000000        89.5280000000    528
      242.3000000000       121.0640000000        77.9320000000    529
      242.3700000000       461.8830000000        39.0040000000    530
      243.0280000000        43.1930000000       141.2580000000    531
      243.1940000000        74.5110000000       109.9480000000    532
      243.6540000000       494.0170000000        33.4000000000    533
      244.0930000000        19.4390000000       118.1530000000    534
      244.0500000000       105.6370000000       125.9920000000    535
      244.0730000000       140.0730000000        63.8210000000    536
      244.2600000000        80.4480000000        82.5490000000    537
      245.4410000000        47.5860000000        92.3360000000    538
      245.7550000000       464.4750000000        40.9400000000    539
      245.4810000000       516.3770000000        34.6000000000    540
      246.5590000000       149.3940000000        79.2570000000    541
      247.3540000000       482.9010000000        11.7690000000    542
      248.3740000000        53.4000000000       120.8390000000    543
      248.1420000000       405.1460000000        34.1040000000    544
      249.4210000000       115.9050000000        61.1530000000    545
      249.6330000000       135.0410000000       110.7860000000    546
      250.2760000000       249.5360000000        26.9150000000    547
      250.4690000000       519.8870000000        17.8150000000    548
      251.0370000000        52.6800000000       143.5800000000    549
      251.6270000000       415.8000000000        23.2260000000    550
      252.5750000000        46.9900000000       128.7900000000    551
      252.5070000000       512.5960000000        32.9930000000    552
      253.0530000000        76.0240000000        91.3910000000    553
      253.2320000000        43.8570000000       151.2780000000    554
      253.7860000000        31.3840000000       140.9490000000    555
      254.0150000000        69.5840000000       106.1250000000    556
      254.6380000000        66.2000000000       148.1580000000    557
      255.0100000000       477.8900000000        18.4850000000    558
      255.9210000000       104.9030000000       120.7780000000    559
      256.9220000000        76.4710000000       140.0050000000    560
      257.1050000000        84.5170000000       130.8640000000    561
      257.3020000000       523.2590000000        23.0020000000    562
      258.0600000000       169.8740000000        71.4500000000    563
      260.7150000000        55.6780000000        90.9160000000    564
      260.9500000000        77.3490000000        84.3700000000    565
      260.8590000000       437.6110000000        11.6830000000    566
      261.1670000000        44.3250000000       124.9120000000    567
      262.0530000000       299.2560000000        24.6060000000    568
      262.3170000000        53.4910000000       155.5940000000    569
      262.3880000000       229.5890000000        29.5910000000    570
      262.9270000000        98.7510000000        64.1170000000    571
      263.1560000000       145.9470000000        94.9820000000    572
      263.1330000000       231.2340000000        41.9770000000    573
      263.6460000000        36.9430000000       104.3490000000    574
      263.8010000000        44.8980000000       144.0330000000    575
      264.7070000000       165.7980000000        84.7890000000    576
      265.1710000000       120.2150000000        57.9510000000    577
      265.3230000000        70.9610000000        80.7790000000    578
      266.2090000000        43.2470000000       102.4440000000    579
      266.3760000000       109.2250000000        96.6320000000    580
      266.6600000000        64.8970000000       110.5510000000    581
      267.1720000000        39.9480000000       134.1210000000    582
      269.6190000000        60.4190000000       132.5040000000    583
      271.1220000000        51.1020000000       130.2140000000    584
      271.7290000000        68.0610000000       143.7380000000    585
      272.1610000000        72.6070000000       106.0670000000    586
      272.0420000000       104.2290000000       125.7880000000    587
      272.4710000000       108.8470000000       126.9270000000    588
      272.8250000000       115.9280000000       109.3770000000    589
      273.1140000000        76.5370000000       129.9800000000    590
      273.7810000000       300.6180000000        19.2100000000    591
      274.4570000000       455.6380000000        17.3880000000    592
      275.5060000000        65.0350000000       100.6000000000    593
      275.5770000000        80.8680000000        75.7850000000    594
      275.9680000000       125.6800000000        81.9870000000    595
      276.9590000000        43.0170000000       129.6200000000    596
      277.5330000000       171.1860000000        56.3350000000    597
      277.5380000000       182.2080000000        40.5380000000    598
      277.4770000000       249.8540000000        23.1090000000    599
      278.1470000000       106.0960000000       113.7560000000    600
      278.2430000000       154.5610000000        52.9300000000    601
      278.9570000000        73.9010000000       136.2940000000    602
      278.7730000000        79.2030000000        87.5090000000    603
      278.7250000000       135.3450000000       115.6720000000    604
      279.3610000000        42.8720000000       112.5540000000    605
      279.5170000000        76.3940000000        98.2120000000    606
      279.8160000000        93.1030000000        67.1430000000    607
      280.3030000000       228.4570000000        48.0500000000    608
      280.4350000000       494.7090000000         9.7990000000    609
      280.8610000000       185.8570000000        55.3670000000    610
      281.2270000000        53.8900000000       132.3280000000    611
      281.9160000000       380.5090000000        23.5540000000    612
      283.0750000000       287.7870000000        35.5740000000    613
      284.1780000000        56.7890000000       124.3700000000    614
      284.8150000000        95.3540000000       124.8140000000    615
      285.1640000000        76.6560000000       136.8100000000    616
      285.3920000000       201.9220000000        65.0910000000    617
      285.9200000000       122.6610000000       109.0240000000    618
      286.3700000000       204.4300000000        46.1180000000    619
      287.6390000000        60.2750000000       134.7710000000    620
      287.6980000000       108.6580000000       116.6340000000    621
      288.0070000000       101.4790000000       128.6260000000    622
      288.5790000000       210.2660000000        44.8750000000    623
      289.3490000000       209.2100000000        66.0770000000    624
      289.2890000000       415.1490000000        14.4720000000    625
      289.7470000000       104.2090000000        64.7790000000    626
      289.6760000000       467.3270000000         7.4840000000    627
      290.6820000000       197.7870000000        51.0300000000    628
      291.1990000000        75.2280000000       115.8400000000    629
      292.1150000000       161.9390000000        42.7420000000    630
      291.8890000000       187.9260000000        38.4600000000    631
      292.2140000000       217.2660000000        62.6850000000    632
      293.2360000000        69.8400000000       143.2710000000    633
      293.0490000000       208.8340000000        74.9210000000    634
      294.1780000000        54.9270000000       133.4980000000    635
      294.3120000000        94.8280000000       130.3570000000    636
      295.2510000000       402.7110000000        16.3450000000    637
      295.5340000000       242.4550000000        33.6160000000    638
      296.3940000000       174.9770000000        86.2710000000    639
      296.4100000000       210.1570000000        31.7250000000    640
      296.5890000000        80.6860000000       129.0280000000    641
      296.7990000000       224.7790000000        35.3890000000    642
      297.7490000000       189.7370000000        74.3450000000    643
      299.3310000000       114.6190000000        89.0950000000    644
      299.9490000000       251.4970000000        37.3280000000    645
      300.1820000000        61.8180000000       126.0080000000    646
      300.4420000000        97.7930000000        65.3060000000    647
      300.8550000000        96.9460000000       132.5450000000    648
      301.0870000000       215.7700000000        76.7960000000    649
      301.6100000000        61.5400000000       112.1700000000    650
      301.4030000000        82.8680000000        86.4340000000    651
      301.2810000000       137.0240000000        46.2490000000    652
      302.3320000000       354.2850000000        24.2020000000    653
      302.4570000000        82.5030000000       142.3540000000    654
      303.1870000000       124.4820000000        86.5310000000    655
      302.9840000000       265.3870000000        52.7040000000    656
      303.2680000000        61.2000000000       138.6050000000    657
      303.2280000000       150.1110000000       100.0060000000    658
      304.5660000000       281.0740000000        36.3440000000    659
      305.2360000000       202.1630000000        78.8700000000    660
      306.2420000000       114.1130000000        63.8960000000    661
      306.5830000000        63.7550000000       101.5630000000    662
      307.0390000000        93.1790000000       104.5010000000    663
      306.9540000000       268.5580000000        39.7300000000    664
      307.1810000000        76.8660000000        99.3400000000    665
      307.6580000000        76.3060000000       107.1510000000    666
      308.0490000000        96.9310000000        83.8460000000    667
      308.1610000000       106.6440000000        98.4300000000    668
      308.9890000000       110.1010000000        82.5320000000    669
      308.7310000000       147.1580000000        43.6630000000    670
      310.4520000000       261.0950000000        52.6950000000    671
      311.7470000000        87.6730000000       119.6540000000    672
      311.9870000000       233.1250000000        47.4590000000    673
      312.9010000000       160.7290000000        41.7470000000    674
      313.2390000000       114.5750000000       118.4080000000    675
      312.9620000000       239.4150000000        48.3890000000    676
      313.4930000000       131.0970000000       110.9360000000    677
      313.6200000000       167.8130000000        70.6800000000    678
      313.8510000000       137.3610000000        51.1470000000    679
      313.8300000000       313.3370000000        11.8190000000    680
      314.2710000000        64.7370000000       138.0330000000    681
      315.5900000000        92.4070000000       122.2130000000    682
      316.1700000000       261.7860000000        12.9700000000    683
      316.6120000000        53.7360000000        88.2620000000    684
      316.6670000000       119.9690000000        62.9960000000    685
      317.1320000000       496.8250000000         7.0960000000    686
      317.3130000000       151.0560000000        95.9490000000    687
      317.5980000000       259.6430000000        63.9050000000    688
      318.2340000000       227.2080000000        22.8580000000    689
      318.7960000000       198.6850000000        39.1320000000    690
      319.2700000000        91.8270000000       137.0660000000    691
      319.9280000000       264.6480000000        64.8420000000    692
      320.1020000000       359.3040000000        18.7200000000    693
      321.5390000000       118.1910000000        62.6540000000    694
      321.6530000000        85.9560000000        82.2910000000    695
      321.8510000000       240.9840000000        58.8660000000    696
      321.6560000000       297.4570000000        36.1350000000    697
      323.0400000000       111.7010000000        82.2110000000    698
      323.2560000000       276.9440000000        20.5960000000    699
      323.9420000000       179.2090000000        88.3930000000    700
      324.6540000000       119.3870000000       114.1230000000    701
      325.8840000000       110.3560000000       119.1480000000    702
      326.6050000000       150.2310000000        73.0910000000    703
      326.3320000000       289.9930000000        31.3120000000    704
      326.3490000000       298.3370000000        31.3670000000    705
      327.2180000000       100.3960000000        90.4120000000    706
      327.5340000000       171.9310000000        35.8670000000    707
      327.7750000000       310.4070000000        28.7870000000    708
      328.7190000000        82.7050000000       103.8550000000    709
      328.6110000000       272.3930000000        64.8700000000    710
      329.4440000000       194.7310000000        76.8320000000    711
      329.4620000000       442.5710000000        11.1700000000    712
      330.4710000000       144.0980000000        48.2480000000    713
      330.7250000000       121.0680000000        71.8320000000    714
      331.2670000000       142.8180000000        71.8630000000    715
      332.3120000000       135.5970000000        50.7640000000    716
      332.8850000000       129.2240000000        63.3040000000    717
      332.5600000000       153.8580000000        95.1490000000    718
      333.9320000000       104.9280000000       120.8410000000    719
      334.5300000000       117.2080000000       116.9350000000    720
      334.7090000000       322.4240000000        46.4360000000    721
      334.6500000000       492.8800000000         6.7050000000    722
      335.1180000000       171.0440000000        55.6080000000    723
      334.9650000000       228.1920000000        79.7170000000    724
      335.3700000000       133.6810000000       105.2150000000    725
      335.5710000000       234.8350000000        19.1990000000    726
      335.3630000000       308.6140000000        24.2560000000    727
      335.5570000000       316.0650000000        46.8670000000    728
      336.0050000000       218.3580000000        24.6520000000    729
      336.1300000000        79.8860000000       120.0050000000    730
      336.0600000000       227.9520000000        20.1390000000    731
      336.3900000000       378.9450000000        25.3100000000    732
      337.0900000000        95.8980000000        95.7780000000    733
      337.6660000000       101.9800000000       104.9690000000    734
      337.7310000000       251.0980000000        16.1690000000    735
      338.2680000000       349.0090000000        26.8390000000    736
      340.6200000000       317.7530000000        42.6340000000    737
      340.8070000000       169.0590000000        40.7060000000    738
      341.8340000000        89.4480000000       130.4730000000    739
      341.6870000000       233.1820000000        56.9190000000    740
      342.6740000000       295.2850000000        47.3150000000    741
      343.1530000000       269.3570000000        15.8710000000    742
      343.3680000000       426.4150000000        16.5360000000    743
      344.1310000000       251.1500000000        78.7660000000    744
      345.2860000000       128.3900000000       114.8940000000    745
      345.3510000000       194.7330000000        31.0630000000    746
      345.9200000000       154.5330000000        66.9130000000    747
      346.4670000000       368.9290000000        32.9580000000    748
      346.6960000000        90.4540000000        89.8340000000    749
      347.5610000000       110.6200000000       120.6320000000    750
      347.7240000000       264.8450000000        50.1880000000    751
      347.8330000000       213.4060000000        52.4380000000    752
      348.1810000000       108.5670000000       107.4060000000    753
      348.1660000000       137.5180000000       111.5450000000    754
      348.3750000000       214.1590000000        28.9710000000    755
      348.8460000000       167.5840000000        96.3560000000    756
      348.6520000000       218.9760000000        28.6290000000    757
      349.0060000000       233.3930000000        56.1720000000    758
      349.4190000000       115.9220000000       108.6420000000    759
      349.9450000000       359.2480000000        19.3680000000    760
      350.7230000000       168.6850000000        52.7030000000    761
      350.4990000000       294.8870000000        70.0540000000    762
      350.8490000000       306.1910000000         8.2150000000    763
      350.8380000000       359.9760000000        32.5090000000    764
      351.1920000000       228.0320000000        67.1620000000    765
      351.3880000000       225.9790000000        54.2680000000    766
      351.3090000000       372.2700000000        32.0690000000    767
      351.8060000000       265.8080000000        69.9460000000    768
      352.8360000000        86.0800000000       100.5260000000    769
      353.5310000000       314.3310000000        55.1390000000    770
      353.5400000000       340.6710000000        16.4510000000    771
      353.4620000000       369.7520000000        21.7150000000    772
      353.8460000000       167.1280000000        58.3480000000    773
      354.0270000000       321.7160000000        58.3180000000    774
      354.7510000000       157.8760000000        38.7140000000    775
      355.7070000000       148.2270000000        97.4250000000    776
      356.2430000000       106.4580000000        89.4340000000    777
      356.3080000000       140.0430000000       101.6590000000    778
      356.5460000000       333.9270000000        40.8930000000    779
      357.0710000000        90.9300000000       109.8780000000    780
      357.2600000000       182.1720000000        33.5810000000    781
      358.4670000000       186.0970000000        59.9390000000    782
      358.8830000000       228.3920000000        74.2400000000    783
      359.2800000000       168.6290000000        97.1300000000    784
      359.4760000000       333.7370000000         9.0410000000    785
      359.5770000000       339.9390000000        40.9110000000    786
      359.7480000000       374.7820000000         7.1580000000    787
      361.1210000000       112.5150000000       102.2740000000    788
      361.4030000000       316.0010000000        65.3350000000    789
      361.4850000000       117.9910000000        74.0150000000    790
      361.9020000000       212.1280000000        77.0410000000    791
      361.9750000000       258.1360000000        16.7770000000    792
      362.2760000000       158.1350000000        61.8090000000    793
      362.6390000000       121.6360000000       110.2740000000    794
      362.7080000000       295.6530000000        13.8290000000    795
      363.2170000000       278.3160000000        16.7300000000    796
      363.4580000000       101.5220000000       101.2430000000    797
      363.4420000000       375.7190000000        40.8310000000    798
      364.0090000000       121.6760000000        85.5890000000    799
      364.7330000000       135.3160000000        62.0650000000    800
      364.6160000000       371.9660000000        16.0080000000    801
      364.9540000000       210.7860000000        49.8800000000    802
      365.6070000000       243.3640000000        18.3100000000    803
      366.0460000000       351.4550000000         9.4920000000    804
      366.8070000000       203.9080000000        78.1490000000    805
      366.7060000000       224.5320000000        29.5280000000    806
      366.5470000000       263.4270000000        39.6500000000    807
      366.8730000000       383.5390000000        17.5240000000    808
      367.0050000000       127.0540000000        96.5340000000    809
      367.1090000000       153.7600000000       106.3970000000    810
      366.8940000000       214.2960000000        28.8480000000    811
      367.1220000000       237.0270000000        57.0310000000    812
      367.1980000000       358.8200000000        11.9710000000    813
      367.5700000000       261.6140000000        22.1390000000    814
      368.4240000000       250.3420000000        51.3840000000    815
      368.6220000000       114.8450000000        96.4130000000    816
      368.6460000000       229.2400000000        36.9790000000    817
      369.0700000000       129.2970000000       103.8870000000    818
      369.2220000000       255.4370000000        21.8120000000    819
      368.8950000000       445.5420000000         5.8250000000    820
      369.8950000000       268.7890000000        13.2660000000    821
      370.7420000000       184.8960000000        54.3980000000    822
      370.6130000000       239.4470000000        50.0430000000    823
      370.7400000000       311.5090000000         9.1840000000    824
      370.6610000000       389.8440000000        33.5460000000    825
      370.9850000000       214.9030000000        85.6480000000    826
      371.3190000000       101.8540000000        82.1330000000    827
      371.2330000000       291.2740000000        77.8140000000    828
      371.9490000000       214.4140000000        37.5010000000    829
      371.8030000000       315.6470000000        72.5750000000    830
      372.1450000000       133.5370000000        99.2310000000    831
      373.7030000000       332.6070000000        70.4790000000    832
      374.0820000000       171.9800000000        94.3750000000    833
      374.2230000000       176.4670000000        55.1730000000    834
      374.9360000000       195.4170000000        86.2490000000    835
      375.7580000000       154.8630000000        72.6860000000    836
      376.0510000000       181.0730000000        89.5250000000    837
      376.1120000000       349.4610000000        52.6180000000    838
      376.5300000000       134.5990000000        74.9630000000    839
      376.6290000000       349.5730000000        61.3240000000    840
      376.9410000000       275.6750000000        67.1180000000    841
      377.3480000000       142.3830000000        67.2860000000    842
      377.2090000000       324.7760000000        29.9560000000    843
      377.6410000000       152.6580000000       108.3940000000    844
      377.5020000000       230.6140000000        43.5890000000    845
      377.9810000000       152.5430000000        49.1160000000    846
      378.9590000000       169.3700000000        82.4550000000    847
      379.7130000000       242.8470000000        22.9140000000    848
      380.1190000000       131.8910000000        95.4610000000    849
      379.8310000000       290.0630000000        21.5120000000    850
      380.1080000000       319.1040000000        14.8110000000    851
      380.3890000000       148.2100000000        82.1940000000    852
      381.3060000000       296.1540000000        12.7940000000    853
      381.0860000000       404.2550000000        12.6690000000    854
      381.3680000000       219.2270000000        85.1540000000    855
      383.1440000000       119.8850000000        59.5450000000    856
      383.1320000000       281.3620000000        11.9630000000    857
      382.9680000000       308.8430000000        35.8960000000    858
      383.6440000000       210.0510000000        45.1660000000    859
      383.7150000000       149.9390000000        92.5510000000    860
      383.6880000000       366.2520000000        49.6310000000    861
      384.2420000000       254.8870000000        78.3990000000    862
      384.2730000000       265.5380000000        38.5270000000    863
      384.5980000000       344.1220000000        63.2130000000    864
      385.2400000000       387.3430000000         3.8390000000    865
      385.9550000000       397.3800000000        25.5050000000    866
      386.3220000000       327.1830000000        71.2270000000    867
      386.6320000000       321.8580000000        18.3420000000    868
      387.0730000000       326.9170000000        17.3240000000    869
      387.5150000000       143.7370000000        74.8770000000    870
      387.9650000000       127.4730000000        87.7690000000    871
      387.7840000000       280.2400000000        22.5300000000    872
      388.0870000000       357.5900000000        59.6460000000    873
      388.3710000000       136.5340000000       109.5690000000    874
      388.8060000000       233.4270000000        34.6940000000    875
      388.9470000000       341.7360000000         7.9280000000    876
      391.2660000000       163.2060000000        73.1770000000    877
      391.3980000000       258.1810000000        48.1370000000    878
      392.2380000000       284.3420000000        10.9980000000    879
      392.0250000000       363.0940000000        28.9870000000    880
      392.5950000000       308.8160000000        31.1810000000    881
      393.1490000000       178.0170000000       101.8160000000    882
      393.5240000000       194.9110000000        73.7600000000    883
      393.7790000000       224.0730000000        87.1450000000    884
      393.6480000000       335.8990000000        12.7000000000    885
      393.8560000000       237.8600000000        39.2080000000    886
      394.4660000000       199.1050000000        93.1610000000    887
      394.7690000000       152.5990000000        84.2330000000    888
      395.3280000000       286.8800000000        74.0530000000    889
      395.2620000000       328.9260000000        16.9250000000    890
      396.5930000000       122.0100000000       108.6240000000    891
      397.3750000000       364.0660000000        59.7150000000    892
      397.9060000000       219.3310000000        34.6480000000    893
      397.9600000000       416.6220000000        22.9430000000    894
      398.4300000000       152.1410000000       103.4450000000    895
      398.3550000000       192.1460000000        81.2140000000    896
      398.7850000000       187.6460000000        42.3530000000    897
      399.0010000000       204.2500000000        72.0030000000    898
      399.3790000000       118.0000000000       110.2520000000    899
      399.4060000000       181.8320000000        70.2420000000    900
      399.8530000000       143.9170000000        97.6600000000    901
      400.8560000000       344.2560000000         5.6820000000    902
      400.6520000000       349.2230000000        19.8670000000    903
      400.9240000000       233.3590000000        34.4400000000    904
      401.5960000000       358.4750000000        35.1530000000    905
      401.6680000000       316.8120000000        37.5960000000    906
      402.3680000000       171.2980000000        70.5750000000    907
      402.2040000000       195.3780000000        96.9310000000    908
      402.3840000000       409.4660000000         2.9480000000    909
      402.5690000000       302.9260000000        17.4080000000    910
      402.4640000000       368.7240000000         7.3030000000    911
      403.3510000000       388.7170000000        47.1730000000    912
      403.8650000000       208.8890000000        91.0330000000    913
      404.0840000000       168.6170000000        79.6000000000    914
      404.6640000000       169.9830000000       101.1830000000    915
      404.4790000000       190.5050000000        96.1560000000    916
      404.9820000000       182.7760000000        95.1730000000    917
      404.9410000000       245.9380000000        79.9300000000    918
      404.8630000000       358.0410000000        61.6990000000    919
      405.4170000000       194.4460000000        50.5310000000    920
      405.3720000000       286.2890000000        34.5830000000    921
      405.3130000000       361.7500000000         6.1210000000    922
      405.2820000000       371.0500000000        30.5370000000    923
      405.2320000000       396.0160000000        29.7760000000    924
      406.1730000000       221.5050000000        72.1990000000    925
      406.3620000000       461.3430000000        14.5080000000    926
      407.3720000000       155.8930000000       110.0080000000    927
      407.4770000000       324.2090000000        38.5130000000    928
      407.5990000000       177.8950000000        64.0970000000    929
      407.5900000000       235.9320000000        43.4310000000    930
      408.7980000000       198.0010000000        62.4620000000    931
      409.0140000000       254.8890000000        78.2580000000    932
      409.6220000000       404.9450000000        15.2090000000    933
      409.9620000000       214.5210000000        79.2840000000    934
      410.1140000000       272.4650000000        26.4890000000    935
      410.4670000000       178.1970000000        86.5920000000    936
      410.5560000000       218.2320000000        74.0450000000    937
      410.9810000000       413.8970000000        12.8330000000    938
      411.3060000000       400.5520000000        14.4830000000    939
      412.1770000000       314.3220000000        22.1290000000    940
      411.8720000000       337.7360000000         9.7430000000    941
      413.1770000000       268.2760000000        41.8990000000    942
      414.1660000000       201.5300000000        71.9280000000    943
      414.2090000000       289.1790000000        34.4850000000    944
      414.8630000000       253.7070000000        46.4570000000    945
      415.1030000000       224.1020000000        52.4100000000    946
      415.1340000000       455.0560000000        15.5160000000    947
      415.6450000000       365.4430000000        24.0350000000    948
      415.6510000000       424.9320000000        47.3010000000    949
      415.4460000000       462.1090000000        33.4020000000    950
      416.4260000000       213.5770000000        70.4330000000    951
      416.1850000000       347.7410000000        12.2210000000    952
      416.4060000000       475.6370000000        15.5580000000    953
      416.8670000000       192.0670000000        94.0350000000    954
      416.8290000000       225.6560000000        63.9760000000    955
      416.7560000000       443.9520000000         8.0320000000    956
      417.0060000000       212.0310000000        87.5830000000    957
      417.2700000000       268.2320000000        76.0050000000    958
      418.6300000000       301.0770000000        29.4550000000    959
      418.8860000000       368.1170000000         7.8700000000    960
      418.9130000000       381.5300000000        38.1920000000    961
      419.4120000000       207.2210000000        72.3860000000    962
      419.8960000000       229.4530000000        83.4340000000    963
      419.6610000000       257.1640000000        63.3980000000    964
      419.6750000000       326.2210000000        11.4250000000    965
      421.0910000000       387.9570000000        17.9930000000    966
      421.3690000000       282.7590000000        78.6620000000    967
      421.2120000000       458.1250000000        13.3930000000    968
      421.7610000000       245.0490000000        74.4410000000    969
      421.8850000000       466.1740000000        10.2610000000    970
      423.3280000000       325.4380000000        65.1970000000    971
      423.3110000000       387.8960000000        11.7100000000    972
      424.1780000000       278.3200000000        52.8720000000    973
      424.4320000000       244.4660000000        62.0090000000    974
      424.5690000000       292.7760000000        79.8780000000    975
      425.2820000000       373.8740000000        56.4860000000    976
      425.1350000000       471.5420000000         8.7030000000    977
      426.7980000000       221.0950000000        68.8120000000    978
      427.0450000000       478.7770000000        25.7810000000    979
      427.5550000000       269.7880000000        48.3420000000    980
      427.8580000000       401.4310000000        25.8590000000    981
      428.5300000000       260.0980000000        74.1620000000    982
      428.2630000000       329.8330000000        40.9010000000    983
      428.7750000000       282.7010000000        73.6260000000    984
      429.1440000000       285.8490000000        61.2800000000    985
      429.2890000000       306.1110000000        19.2840000000    986
      429.5920000000       418.0640000000        32.0260000000    987
      430.0920000000       189.7020000000       100.1230000000    988
      430.6180000000       325.6320000000        63.4150000000    989
      431.5240000000       224.0370000000        91.9070000000    990
      431.4520000000       365.9120000000        50.8530000000    991
      431.3900000000       392.7980000000        11.8740000000    992
      432.2160000000       419.0020000000         9.4000000000    993
      432.7410000000       357.6690000000        60.2420000000    994
      432.9850000000       234.2370000000        74.6900000000    995
      433.4670000000       237.9140000000        59.9750000000    996
      434.4710000000       199.1690000000        93.3280000000    997
      434.4280000000       225.2290000000        79.3600000000    998
      434.3490000000       261.2140000000        46.6160000000    999
      435.5270000000       295.7090000000        59.0200000000   1000
      435.4750000000       461.3560000000        12.3030000000   1001
      435.9620000000       348.7720000000        57.9580000000   1002
      436.7670000000       209.7460000000        96.9580000000   1003
      437.0880000000       425.2860000000        10.2870000000   1004
      437.6730000000       265.0770000000        73.1740000000   1005
      437.9690000000       274.6390000000        59.3810000000   1006
      438.7350000000       368.0920000000        46.7390000000   1007
      439.0130000000       290.3300000000        71.2020000000   1008
      439.6370000000       278.5950000000        51.7530000000   1009
      440.1460000000       316.4860000000        44.5120000000   1010
      441.4260000000       457.9530000000        18.1090000000   1011
      441.7200000000       227.2940000000        96.5630000000   1012
      441.9500000000       319.7400000000        63.9360000000   1013
      443.2980000000       302.3940000000        51.5510000000   1014
      443.2880000000       309.3600000000        67.6510000000   1015
      444.2890000000       293.2880000000        60.6110000000   1016
      445.1200000000       335.1450000000        65.8330000000   1017
      446.3770000000       240.9050000000        69.1470000000   1018
      447.5910000000       206.3700000000        95.9180000000   1019
      448.2120000000       249.1520000000        80.9920000000   1020
      448.3260000000       311.2360000000        52.7800000000   1021
      448.5970000000       281.0830000000        61.3780000000   1022
      449.1010000000       268.3250000000        79.4560000000   1023
      450.1740000000       262.9670000000        57.3690000000   1024
      450.5610000000       439.7530000000        15.0720000000   1025
      450.7340000000       448.2180000000        20.2980000000   1026
      451.0620000000       311.9450000000        74.1190000000   1027
      451.7860000000       283.6470000000        67.5650000000   1028
      451.8960000000       465.6110000000        29.8910000000   1029
      454.1040000000       397.8850000000        13.8590000000   1030
      456.2860000000       263.4590000000        78.5790000000   1031
      457.5990000000       335.5210000000        65.0210000000   1032
      459.1990000000       257.2510000000        71.7810000000   1033
      460.2270000000       301.4900000000        70.0420000000   1034
      460.3750000000       449.0930000000        16.5910000000   1035
      460.4560000000       473.4300000000        13.7240000000   1036
      461.4400000000       249.9890000000        87.8650000000   1037
      462.2740000000       438.4120000000        13.6930000000   1038
      462.6040000000       461.0260000000         4.8250000000   1039
      463.2850000000       284.4940000000        57.8240000000   1040
      465.9990000000       329.9170000000        56.0710000000   1041
      467.5040000000       278.0460000000        66.2350000000   1042
      470.0250000000       333.5660000000        65.6630000000   1043
      470.5120000000       288.0770000000        79.4270000000   1044
      472.5270000000       267.5310000000        84.0110000000   1045
      475.8870000000       326.1270000000        56.1540000000   1046
      484.3250000000       314.8300000000        65.9900000000   1047
      487.6370000000       323.4440000000        56.0830000000   1048
       94.1260000000       199.0230000000       100.0080000000   1049
      106.0420000000       229.4670000000        76.3290000000   1050
      106.6150000000       384.0200000000        38.7550000000   1051
      112.8210000000       293.5830000000        78.3590000000   1052
      114.4750000000       371.3020000000        76.8210000000   1053
      129.1790000000       393.8460000000        61.6240000000   1054
      137.6890000000       102.2910000000       100.1630000000   1055
      142.4660000000       108.3280000000       122.7780000000   1056
      151.5190000000       116.0680000000        85.4210000000   1057
      153.5480000000       293.1670000000        30.1060000000   1058
      171.5370000000       446.3860000000        16.6210000000   1059
      193.7240000000       209.9030000000        49.8020000000   1060
      207.4700000000        67.5160000000       106.2520000000   1061
      221.0880000000       386.4960000000        43.4090000000   1062
      229.3620000000       428.5580000000        15.0800000000   1063
      229.3060000000       332.7920000000        32.9290000000   1064
      241.6290000000       401.0230000000        23.5400000000   1065
      242.4160000000       152.1950000000        64.9390000000   1066
      342.0090000000       299.4600000000        12.3950000000   1067
      348.1160000000       186.5950000000        47.5310000000   1068
      361.7760000000        98.8580000000       113.6760000000   1069
      386.2820000000       182.1280000000        62.1310000000   1070
      396.6960000000       160.8130000000       108.2300000000   1071
      414.1700000000       237.8310000000        86.5340000000   1072
      423.5600000000       405.3670000000         8.2960000000   1073
      427.2990000000       249.4440000000        83.8910000000   1074
