      130.2780000000       237.2410000000        30.3190000000      0
      146.0480000000       347.2880000000        77.1960000000      1
      149.3400000000       355.1990000000        72.3000000000      2
      149.8360000000       383.5510000000        86.9550000000      3
      150.4620000000       285.1870000000        59.8390000000      4
      151.9290000000       292.7450000000        74.6210000000      5
      151.8090000000       314.3270000000        97.3390000000      6
      152.0440000000       315.6120000000        32.4670000000      7
      157.1730000000       360.4980000000        76.9440000000      8
      157.5700000000        65.8440000000        17.9980000000      9
      158.3240000000       274.8420000000        70.8480000000     10
      158.3280000000       406.9920000000        76.3800000000     11
      158.7320000000       326.3460000000        75.0340000000     12
      159.7440000000       316.2680000000        56.5900000000     13
      159.4300000000       339.4990000000        55.7420000000     14
      159.5350000000       374.3010000000        67.9870000000     15
      161.0930000000       260.0540000000        66.8170000000     16
      161.3150000000       404.7290000000       100.9760000000     17
      161.8400000000       241.2360000000        50.8270000000     18
      162.0040000000       299.6270000000        71.8740000000     19
      161.8620000000       358.1340000000        78.3480000000     20
      162.0320000000       358.9450000000        86.1820000000     21
      162.3110000000       313.3650000000        80.0600000000     22
      163.0630000000       240.6010000000        60.4970000000     23
      166.4540000000       283.1350000000        71.5550000000     24
      165.9090000000       322.9320000000        79.4840000000     25
      166.5990000000       300.6750000000        48.5590000000     26
      166.9660000000       338.7190000000        77.0710000000     27
      166.5110000000       349.9230000000        72.2500000000     28
      167.7520000000       208.2200000000        56.1700000000     29
      167.6980000000       280.1480000000        28.2740000000     30
      169.0050000000       400.2350000000        80.9470000000     31
      168.8910000000       414.0270000000       106.0720000000     32
      169.6150000000       344.3540000000        64.9930000000     33
      169.8540000000       378.9260000000        39.1090000000     34
      170.7010000000       279.0190000000        51.8620000000     35
      171.3140000000       257.1240000000        56.6790000000     36
      171.4130000000       310.1940000000        56.8730000000     37
      170.8850000000       324.1850000000        66.1560000000     38
      171.4650000000       304.9360000000        72.5660000000     39
      172.8510000000       256.9100000000        63.8240000000     40
      173.5680000000       359.2670000000        76.5430000000     41
      173.0700000000       385.7150000000        75.3810000000     42
      174.3290000000       367.2150000000        45.1740000000     43
      175.2490000000       333.5380000000        70.6430000000     44
      176.2790000000       231.2990000000        64.4190000000     45
      175.9010000000       296.8230000000        50.2580000000     46
      176.9770000000       285.1030000000        41.2040000000     47
      176.9670000000       394.0530000000        83.4070000000     48
      178.4220000000       302.9220000000        66.4000000000     49
      178.8320000000       183.4950000000        50.6460000000     50
      178.8500000000       296.2910000000        56.9440000000     51
      178.7560000000       412.9360000000        82.0470000000     52
      179.2280000000       441.0670000000        74.0340000000     53
      179.7790000000        14.8740000000         7.3860000000     54
      179.4090000000       402.5390000000        79.0290000000     55
      180.6320000000       239.0810000000        53.8730000000     56
      180.4030000000       343.3430000000        73.7920000000     57
      181.8040000000       109.0850000000        16.6880000000     58
      181.9920000000       200.5580000000        47.2680000000     59
      182.7090000000       332.8840000000        74.3650000000     60
      184.5390000000       272.2610000000        59.2560000000     61
      184.6680000000       408.9450000000        62.6070000000     62
      184.4900000000       435.7540000000        91.5220000000     63
      185.4490000000       262.4570000000        61.6230000000     64
      185.2950000000       344.5760000000        71.5530000000     65
      185.1930000000       498.0540000000        98.1740000000     66
      186.0200000000       476.3200000000        82.7030000000     67
      186.8440000000       482.3210000000       102.4260000000     68
      187.5350000000       216.2360000000        26.2380000000     69
      187.2790000000       321.0200000000        29.0370000000     70
      187.1360000000       348.1770000000        57.9410000000     71
      187.3810000000       409.5790000000        44.1960000000     72
      187.2820000000       426.7720000000        69.9270000000     73
      190.7450000000       294.8900000000        26.5500000000     74
      190.7920000000       397.5090000000        77.6710000000     75
      190.8900000000       444.1460000000        82.5750000000     76
      191.9470000000       372.7070000000        77.1850000000     77
      191.8030000000       386.9460000000        74.9930000000     78
      192.2860000000       332.8650000000        70.5410000000     79
      192.2850000000       364.8860000000        77.4510000000     80
      192.9940000000       197.3470000000        52.7540000000     81
      193.1450000000       262.8900000000        46.9270000000     82
      193.5100000000       301.8840000000        62.1790000000     83
      194.8220000000       280.9020000000        56.5740000000     84
      195.2540000000       253.3310000000        32.6890000000     85
      195.9230000000       189.5300000000        12.3220000000     86
      195.9680000000       267.8870000000        59.4730000000     87
      196.0580000000       453.8990000000        89.1110000000     88
      196.6720000000       412.5680000000        68.4580000000     89
      197.6350000000       482.8970000000        91.7800000000     90
      197.9350000000       265.4240000000        30.2290000000     91
      197.9130000000       343.6990000000        71.4180000000     92
      198.1160000000       415.9350000000        78.1340000000     93
      197.8950000000       459.6330000000        93.8810000000     94
      199.4740000000       397.0660000000        77.5570000000     95
      200.1120000000       238.9950000000        54.1750000000     96
      200.0200000000       308.9040000000        60.3330000000     97
      200.1260000000       403.4380000000        81.7250000000     98
      200.4390000000       466.2550000000        73.7880000000     99
      201.0200000000       391.0720000000        60.0300000000    100
      200.8620000000       409.2490000000        83.4520000000    101
      202.6070000000       333.2570000000        66.7540000000    102
      202.3770000000       397.6320000000        59.1180000000    103
      202.0040000000       466.8920000000        78.6660000000    104
      202.6950000000       173.6340000000        49.0480000000    105
      203.2090000000       472.8540000000        89.5410000000    106
      203.3050000000       491.8820000000        86.3170000000    107
      203.7510000000       420.7940000000        45.2050000000    108
      204.1240000000       385.6790000000        70.4580000000    109
      205.2540000000       455.5690000000        90.1720000000    110
      205.8630000000       490.2600000000       102.8650000000    111
      206.6880000000         2.8770000000        11.7590000000    112
      206.6360000000       340.5430000000        39.2630000000    113
      206.2940000000       446.2040000000        68.8420000000    114
      207.9220000000       380.0900000000        31.2360000000    115
      207.8330000000       430.6090000000        43.4550000000    116
      208.5820000000       183.0440000000         9.1680000000    117
      208.8850000000       385.1780000000        69.1160000000    118
      208.3900000000       506.6230000000        89.8330000000    119
      210.7590000000       183.6290000000        26.2410000000    120
      210.8800000000       439.6630000000        78.2130000000    121
      210.6990000000       460.1150000000        45.0520000000    122
      212.3450000000       251.3550000000        14.9500000000    123
      212.0450000000       326.9030000000        20.4550000000    124
      213.1980000000       309.8000000000        17.8100000000    125
      212.6720000000       445.4660000000        85.5100000000    126
      213.4180000000       172.0750000000        11.9790000000    127
      213.9240000000       214.8090000000        53.3310000000    128
      213.8550000000       277.8790000000        60.4210000000    129
      213.6090000000       294.9780000000        16.0030000000    130
      213.4100000000       327.4040000000        67.5210000000    131
      213.3280000000       337.1690000000        46.0600000000    132
      213.8430000000       476.7030000000        84.9840000000    133
      215.1850000000       141.4600000000         8.8910000000    134
      214.9360000000       431.9990000000        73.4210000000    135
      215.3900000000        17.6760000000         6.4790000000    136
      215.8700000000       178.3740000000        26.5370000000    137
      215.7580000000       195.9420000000        14.9920000000    138
      215.4600000000       392.7900000000        72.7410000000    139
      215.6720000000       470.0890000000        77.1530000000    140
      216.6450000000       218.2010000000        14.8080000000    141
      216.2570000000       433.2410000000        36.7560000000    142
      217.0630000000       128.5390000000         9.6070000000    143
      217.2890000000       213.6060000000         8.7990000000    144
      217.4060000000       287.5700000000        18.4480000000    145
      217.1490000000       411.1140000000        73.1860000000    146
      217.8730000000        73.4170000000         6.7790000000    147
      217.8970000000       115.2220000000        17.3050000000    148
      218.1720000000       163.5940000000        12.9840000000    149
      218.1470000000       356.9040000000        24.9830000000    150
      218.4520000000       142.5370000000        29.6150000000    151
      219.9080000000        56.4310000000         8.7010000000    152
      220.0900000000        80.1250000000        23.9090000000    153
      219.9200000000       391.6220000000        37.3610000000    154
      221.0060000000       229.4060000000        52.6410000000    155
      221.5090000000       149.3750000000         8.5510000000    156
      221.3590000000       283.8730000000        13.7520000000    157
      221.1760000000       299.1460000000        23.6380000000    158
      221.0530000000       311.2790000000        18.4090000000    159
      221.1030000000       371.8090000000        26.3620000000    160
      222.0860000000       169.3520000000        48.9480000000    161
      222.1780000000       521.4420000000        94.3070000000    162
      222.9120000000        54.0480000000        35.5520000000    163
      223.1060000000       136.5500000000         7.3420000000    164
      222.5670000000       192.5420000000         8.9250000000    165
      222.9220000000       342.5940000000        24.1220000000    166
      223.7470000000       124.5060000000         9.9130000000    167
      223.7120000000       260.8460000000        20.8450000000    168
      223.4930000000       335.4370000000        70.2890000000    169
      224.3140000000       445.9610000000        39.7000000000    170
      224.6860000000        29.3960000000        12.4520000000    171
      224.6760000000        45.7990000000         5.1380000000    172
      224.9890000000       234.1070000000        11.8100000000    173
      224.9130000000       372.4910000000        19.3410000000    174
      224.9200000000       400.8910000000        29.2300000000    175
      225.4430000000       353.4370000000        68.3580000000    176
      225.3860000000       416.3920000000        79.2540000000    177
      226.3860000000        19.2540000000        17.1450000000    178
      226.2950000000       419.5520000000        40.3880000000    179
      227.8360000000       249.8130000000        11.0010000000    180
      227.5050000000       265.1220000000        12.0400000000    181
      227.7930000000       375.4190000000        73.7020000000    182
      228.0110000000       446.6200000000        49.6920000000    183
      228.5450000000       293.4030000000        20.0510000000    184
      228.8840000000       101.6120000000         7.0660000000    185
      229.0070000000       386.7570000000        25.6610000000    186
      229.6610000000        97.3400000000        36.4570000000    187
      229.7000000000       258.3710000000        10.4120000000    188
      229.9420000000       404.6180000000        36.8360000000    189
      229.7030000000       493.1660000000        81.8720000000    190
      229.6410000000       542.8820000000       114.8800000000    191
      231.8400000000        49.2470000000        13.8970000000    192
      232.0730000000       249.6690000000        14.1370000000    193
      232.2810000000       496.7580000000        48.2440000000    194
      232.8650000000       247.4130000000        56.1630000000    195
      232.5170000000       513.7760000000       108.0610000000    196
      233.5070000000       222.0580000000        11.8890000000    197
      233.2150000000       460.9600000000        38.9500000000    198
      234.0670000000       119.1280000000         9.6800000000    199
      234.2190000000       173.8200000000        48.5250000000    200
      233.9730000000       209.4010000000        20.2990000000    201
      234.2430000000       450.6880000000        38.0290000000    202
      234.2360000000       471.3200000000        40.3210000000    203
      234.3710000000       492.2080000000        89.6440000000    204
      234.0970000000       530.1070000000        96.2990000000    205
      234.7430000000       299.1130000000        54.6540000000    206
      234.8800000000       304.2660000000        17.3660000000    207
      234.8590000000       364.5540000000        64.9670000000    208
      235.7910000000       211.8720000000         9.2460000000    209
      235.6800000000       387.3370000000        32.0830000000    210
      235.7250000000       507.1530000000        99.8420000000    211
      235.6810000000       525.5650000000       100.5370000000    212
      235.5680000000       532.4020000000       110.9160000000    213
      237.2590000000       409.6380000000        38.9670000000    214
      237.2760000000       454.1450000000        77.5710000000    215
      237.4010000000       461.0770000000        47.1860000000    216
      238.3900000000       370.8200000000        22.7170000000    217
      238.4410000000       424.5300000000        38.1210000000    218
      238.2650000000       486.6960000000        51.7640000000    219
      239.1620000000       500.3310000000       100.3910000000    220
      239.8170000000       183.1070000000        26.6750000000    221
      240.2600000000       199.1150000000         7.3280000000    222
      240.7510000000       421.9490000000        77.7680000000    223
      240.5910000000       438.1180000000        36.3620000000    224
      240.5480000000       550.0240000000        65.2690000000    225
      241.7780000000       441.8810000000        75.5220000000    226
      242.4790000000       473.9150000000        86.4730000000    227
      243.6650000000        69.8360000000         8.7240000000    228
      243.4720000000       308.8110000000        58.9090000000    229
      243.8090000000        81.1900000000        24.4910000000    230
      244.5330000000       225.7500000000         9.6440000000    231
      244.4570000000       463.4180000000        82.2070000000    232
      245.0270000000       481.5010000000        89.3250000000    233
      244.6220000000       492.8950000000        46.2490000000    234
      245.2670000000        30.8110000000         6.4580000000    235
      245.7970000000       523.4190000000        91.3090000000    236
      245.4510000000       534.1480000000       107.2580000000    237
      246.8400000000       286.6730000000        33.6130000000    238
      246.8530000000       496.4580000000        93.7570000000    239
      247.8110000000       156.3420000000        40.6800000000    240
      247.5960000000       354.9170000000        19.4770000000    241
      247.3020000000       423.4650000000        36.8380000000    242
      247.7330000000       509.7880000000        95.6010000000    243
      247.9300000000       529.6420000000       101.8940000000    244
      248.1270000000        90.3120000000        33.4160000000    245
      248.3940000000       451.3880000000        80.2900000000    246
      248.5260000000       551.8070000000       104.5070000000    247
      249.1610000000        53.3710000000        15.5160000000    248
      249.1700000000       108.7210000000         5.3550000000    249
      249.1900000000       126.0750000000         6.0400000000    250
      249.1640000000       171.6110000000        19.1610000000    251
      248.9140000000       302.1560000000        14.5000000000    252
      248.8490000000       502.5980000000        88.6590000000    253
      249.7310000000        97.7480000000        14.9680000000    254
      249.5990000000       306.5730000000        15.2050000000    255
      250.2920000000       201.9590000000         3.8930000000    256
      251.4940000000        25.9290000000        16.8280000000    257
      251.4030000000       411.1810000000        24.1380000000    258
      251.8560000000       360.1640000000        18.2700000000    259
      251.8850000000       486.5010000000        44.3610000000    260
      252.5310000000        95.8640000000        10.9720000000    261
      253.0810000000        16.1160000000        15.7340000000    262
      253.1310000000       244.0270000000        17.6880000000    263
      253.5430000000       516.9430000000        59.2430000000    264
      253.9920000000       518.3210000000        49.5420000000    265
      254.5820000000        49.2320000000        26.0030000000    266
      254.3790000000       159.2260000000        26.9760000000    267
      255.4910000000       178.8230000000        11.0120000000    268
      255.5630000000       189.4080000000         5.9640000000    269
      255.4900000000       503.5920000000        95.8680000000    270
      256.4400000000       115.6770000000        17.2230000000    271
      256.0980000000       356.6140000000        54.9790000000    272
      256.8870000000       470.0990000000        40.4530000000    273
      257.0590000000       557.5830000000        77.8000000000    274
      257.8160000000       132.7440000000        21.1080000000    275
      257.7500000000       170.7370000000         9.1990000000    276
      257.7690000000       399.8610000000        70.7420000000    277
      257.4480000000       511.4170000000       101.1190000000    278
      258.2810000000       131.0450000000        15.9530000000    279
      258.4150000000       227.7060000000        26.4680000000    280
      258.5860000000       539.6150000000       102.3850000000    281
      259.0260000000        43.9060000000         9.7570000000    282
      258.9750000000        76.3150000000        18.9510000000    283
      258.9600000000       149.7990000000        13.8160000000    284
      258.9870000000       278.7200000000        39.8280000000    285
      259.6680000000       172.0160000000        37.6070000000    286
      260.6310000000        84.7450000000         8.4910000000    287
      260.5830000000       192.1820000000        43.3210000000    288
      260.6950000000       509.6830000000        43.2670000000    289
      260.5490000000       520.3830000000       100.9180000000    290
      260.4680000000       529.3910000000        62.8360000000    291
      260.9560000000       314.9100000000        18.4750000000    292
      260.8130000000       371.1080000000        56.5630000000    293
      261.4970000000       322.9150000000        57.5460000000    294
      261.5580000000       477.2130000000        83.7120000000    295
      262.2450000000       149.5590000000         8.2500000000    296
      262.3020000000       532.4170000000        93.0500000000    297
      263.4630000000        82.4270000000        31.3070000000    298
      262.8690000000       184.6660000000         4.5250000000    299
      263.4970000000       553.8900000000        99.4600000000    300
      264.1600000000        45.0160000000        35.0770000000    301
      266.1700000000       109.1370000000        24.2600000000    302
      266.1510000000       183.4140000000        20.1840000000    303
      266.7000000000       362.0030000000        49.4330000000    304
      266.4000000000       560.7000000000       103.1600000000    305
      267.7390000000       226.0090000000        14.8610000000    306
      267.2400000000       363.4930000000        19.8480000000    307
      267.1170000000       471.9630000000        41.3530000000    308
      267.6390000000       518.2500000000        96.6790000000    309
      267.9210000000        24.9970000000         5.8650000000    310
      268.2730000000       280.9960000000        51.6380000000    311
      269.0710000000       123.5440000000        24.1190000000    312
      269.9210000000       214.4060000000        13.5360000000    313
      269.3180000000       249.8860000000        42.1420000000    314
      270.2850000000       345.8100000000        64.6940000000    315
      270.2090000000       521.6270000000        58.5090000000    316
      271.5710000000       335.4150000000        36.2250000000    317
      271.8290000000       417.9290000000        34.6860000000    318
      272.6470000000       185.2560000000        13.5520000000    319
      272.4290000000       209.8130000000        22.0450000000    320
      272.7150000000       289.9700000000        29.4620000000    321
      272.2510000000       423.6460000000        52.0270000000    322
      272.3960000000       562.3690000000       120.2850000000    323
      273.1630000000       126.7890000000        31.8520000000    324
      273.3680000000       240.7970000000        14.9690000000    325
      272.8140000000       257.9540000000        39.2000000000    326
      273.3080000000       371.8270000000        31.6340000000    327
      272.9220000000       552.3310000000        98.1180000000    328
      273.6390000000       107.3140000000        11.5150000000    329
      273.5010000000       142.2940000000        22.7280000000    330
      273.8180000000       254.1510000000        12.5840000000    331
      273.6370000000       405.4660000000        30.2300000000    332
      273.9230000000       525.4650000000       105.4380000000    333
      274.2740000000       300.4410000000        36.8430000000    334
      274.3530000000       304.5940000000        24.0430000000    335
      275.5250000000        90.9900000000        12.4850000000    336
      274.9840000000       329.6620000000        54.8960000000    337
      275.2980000000       496.4190000000        87.9810000000    338
      275.3020000000       532.9220000000        65.2010000000    339
      275.8640000000       206.3910000000        34.1380000000    340
      275.7640000000       537.1760000000        97.1080000000    341
      276.4990000000       153.3240000000        24.4580000000    342
      276.4240000000       177.3720000000        29.5610000000    343
      276.3520000000       577.4160000000        64.8810000000    344
      277.2670000000       134.4440000000        11.0960000000    345
      277.3670000000       197.9540000000        13.5110000000    346
      277.1880000000       323.0520000000        15.2560000000    347
      277.3710000000       549.8240000000        61.8640000000    348
      278.2410000000       353.5850000000        23.5080000000    349
      277.7580000000       365.1290000000        35.1030000000    350
      278.1510000000       431.3120000000        69.9840000000    351
      278.4230000000       551.6330000000        93.2800000000    352
      278.6430000000       280.2000000000        41.7780000000    353
      279.7540000000        76.2130000000         9.3750000000    354
      279.7060000000       244.2220000000        14.8830000000    355
      279.8190000000       417.0060000000        30.3760000000    356
      279.9570000000       274.4720000000        16.6510000000    357
      280.1760000000       518.9060000000        93.9640000000    358
      282.0780000000       192.4550000000        13.1040000000    359
      282.4130000000       309.9650000000        25.0260000000    360
      282.2270000000       467.3060000000        40.1210000000    361
      283.8050000000       334.2520000000        42.2320000000    362
      283.6440000000       357.4200000000        35.1180000000    363
      283.7460000000       401.1870000000        29.6870000000    364
      283.5390000000       560.5270000000       110.8980000000    365
      284.3030000000       164.3140000000         9.3930000000    366
      284.3620000000       383.2480000000        58.0000000000    367
      284.5800000000       442.0580000000        40.7240000000    368
      285.4690000000       254.6660000000        34.0790000000    369
      285.7720000000       122.9300000000        11.9560000000    370
      285.6540000000       340.8950000000        31.0490000000    371
      286.7220000000       234.8390000000        21.3040000000    372
      286.4200000000       353.9850000000        24.7810000000    373
      286.7060000000       368.3560000000        27.0930000000    374
      286.4210000000       539.0200000000       103.3060000000    375
      287.1350000000       237.4610000000         8.1340000000    376
      287.2870000000       393.6030000000        38.5560000000    377
      287.6540000000       422.7960000000        39.9080000000    378
      288.4970000000       152.4850000000        15.3750000000    379
      289.0640000000       250.3620000000        21.9430000000    380
      288.9130000000       331.2740000000        20.2810000000    381
      288.4880000000       400.4950000000        46.6250000000    382
      288.3620000000       428.6690000000        50.3440000000    383
      288.8700000000       591.9180000000        99.5450000000    384
      289.4410000000       315.5740000000        35.0640000000    385
      290.1800000000       299.9600000000        44.9630000000    386
      290.0000000000       519.0480000000        56.9790000000    387
      290.0060000000       565.4730000000        96.5040000000    388
      291.0150000000       555.3220000000        71.0020000000    389
      291.3280000000       418.8140000000        71.7970000000    390
      292.1710000000       227.1010000000        20.6600000000    391
      292.4490000000       365.4520000000        25.0250000000    392
      292.2980000000       451.0100000000        36.4440000000    393
      292.1380000000       565.1760000000       103.2050000000    394
      292.8080000000       545.6520000000       102.6500000000    395
      293.9440000000       322.5160000000        14.2250000000    396
      293.4170000000       512.2340000000        88.3860000000    397
      294.5500000000       390.5070000000        28.4760000000    398
      294.4830000000       407.1920000000        43.8710000000    399
      294.6090000000       444.3310000000        36.6210000000    400
      294.4210000000       482.1620000000        43.9950000000    401
      294.8800000000       274.7680000000        18.4670000000    402
      294.8290000000       420.5420000000        34.3870000000    403
      295.2250000000       511.5990000000        50.6340000000    404
      295.8850000000       309.2230000000        25.6770000000    405
      296.1290000000       406.2410000000        29.6260000000    406
      296.0750000000       578.4960000000       110.8740000000    407
      296.4340000000       201.0380000000        16.0770000000    408
      296.7970000000       231.1770000000        20.1860000000    409
      296.2400000000       402.2480000000        40.8030000000    410
      296.5990000000       567.1620000000        66.6230000000    411
      297.1730000000       298.6750000000        25.8380000000    412
      297.3130000000       380.3820000000        51.4740000000    413
      297.2570000000       513.3740000000        39.4830000000    414
      297.8370000000       423.1350000000        39.9000000000    415
      298.9200000000       119.8870000000        10.0200000000    416
      298.9750000000       224.1380000000        13.9420000000    417
      298.8690000000       260.6810000000        19.6330000000    418
      298.8300000000       377.8960000000        36.0440000000    419
      298.5920000000       414.1700000000        49.1030000000    420
      298.4790000000       553.3600000000       108.0250000000    421
      298.3470000000       575.3870000000        69.5280000000    422
      299.5520000000       401.9660000000        27.9380000000    423
      299.3880000000       564.4840000000        55.6700000000    424
      300.0280000000       427.0140000000        47.2640000000    425
      299.8580000000       482.0790000000        42.6560000000    426
      300.5690000000       417.9310000000        41.9010000000    427
      300.9580000000       447.9820000000        44.6170000000    428
      300.7000000000       603.3250000000       112.1070000000    429
      301.1190000000       402.6490000000        50.5540000000    430
      301.4780000000       460.2110000000        53.9440000000    431
      302.5000000000       254.5120000000        19.7970000000    432
      301.9140000000       516.2890000000        89.9780000000    433
      302.6490000000       168.5380000000        11.9270000000    434
      302.8030000000       385.4350000000        24.5900000000    435
      303.0830000000       486.7560000000        48.1180000000    436
      302.9930000000       604.0140000000        85.8180000000    437
      303.5640000000       282.3370000000        20.6400000000    438
      303.3220000000       446.9980000000        75.4850000000    439
      304.5590000000       569.8930000000       100.8640000000    440
      304.0850000000       588.2300000000        92.8370000000    441
      305.9680000000       587.3740000000       120.0240000000    442
      306.3230000000       153.5920000000         9.9740000000    443
      307.0500000000       335.5120000000        23.1510000000    444
      306.9470000000       514.4840000000        56.4100000000    445
      307.0100000000       537.3810000000        94.2700000000    446
      307.4780000000       576.3530000000        99.1560000000    447
      307.6540000000       399.9580000000        28.6910000000    448
      308.6630000000       581.6810000000       111.0260000000    449
      309.1710000000       316.2810000000        17.2540000000    450
      309.2330000000       557.8910000000        61.0670000000    451
      309.6980000000       345.9470000000        29.1490000000    452
      309.6620000000       388.1310000000        45.5980000000    453
      310.7910000000       443.8060000000        35.3880000000    454
      311.1990000000       261.3430000000        15.1200000000    455
      311.6050000000       588.1820000000        72.4210000000    456
      311.8010000000       594.8430000000       102.5060000000    457
      312.3040000000       604.0370000000       108.5600000000    458
      312.5230000000       341.0150000000        33.4810000000    459
      312.5860000000       465.1230000000        57.5320000000    460
      312.5040000000       602.6770000000       119.4380000000    461
      313.2860000000       448.3930000000        51.0380000000    462
      313.4320000000       477.5230000000        46.9460000000    463
      314.1440000000       502.9130000000        54.7560000000    464
      314.8300000000       408.9730000000        38.7120000000    465
      315.4910000000       366.6800000000        29.0310000000    466
      316.1530000000       391.4070000000        28.6940000000    467
      316.3140000000       490.9160000000        55.2070000000    468
      317.0470000000       320.5050000000        16.0740000000    469
      317.3360000000       543.8390000000        60.1430000000    470
      318.5910000000       535.0350000000        60.2060000000    471
      318.7090000000       551.3580000000        61.0370000000    472
      318.3980000000       554.2990000000        98.3090000000    473
      320.8500000000       484.7300000000        46.8410000000    474
      321.2360000000       326.6480000000        14.8930000000    475
      321.6110000000       479.9270000000        60.6180000000    476
      322.2060000000       526.3450000000        73.1270000000    477
      322.0140000000       617.0480000000        70.1310000000    478
      322.5390000000       465.7290000000        46.9310000000    479
      322.7060000000       527.7110000000        54.5650000000    480
      325.0610000000       564.8420000000        71.8030000000    481
      324.8110000000       592.4050000000        77.1700000000    482
      325.9800000000       300.5070000000        21.2830000000    483
      327.7950000000       616.8410000000        80.5610000000    484
      328.6730000000       498.5000000000        57.5310000000    485
      329.0360000000       513.2900000000        82.4260000000    486
      329.6780000000       537.3430000000        56.9550000000    487
      331.2850000000       557.2420000000        65.1990000000    488
      331.5310000000       565.7440000000        83.8270000000    489
      332.1480000000       514.0720000000        52.8560000000    490
      333.0690000000       534.6770000000        69.5580000000    491
      336.6220000000       563.1790000000        76.0850000000    492
      338.2250000000       516.8910000000        52.5990000000    493
      338.7230000000       494.2400000000        62.2200000000    494
      340.0000000000       487.3510000000        47.4360000000    495
      345.7390000000       463.9060000000        52.0460000000    496
      345.3190000000       546.0750000000        88.6260000000    497
      346.2320000000       548.8930000000        61.9240000000    498
      347.8220000000       534.2860000000        86.0620000000    499
      347.4400000000       566.4920000000        65.8580000000    500
      348.5900000000       399.9250000000        29.6660000000    501
      348.7850000000       534.6470000000        56.9840000000    502
      348.5810000000       563.0320000000        80.8600000000    503
      352.2170000000       501.7750000000        57.6480000000    504
      352.6530000000       545.8220000000        57.0570000000    505
      356.8200000000       577.3360000000        74.9820000000    506
      357.5350000000       574.8230000000        85.8090000000    507
      359.1670000000       523.2400000000        50.5910000000    508
      359.2040000000       557.5890000000        65.7840000000    509
      359.3000000000       476.7310000000        43.2970000000    510
      361.5030000000       575.1310000000        67.6470000000    511
      363.2410000000       494.8770000000        61.6210000000    512
      363.3860000000       584.5310000000        76.9790000000    513
      363.0970000000       610.6140000000        68.3470000000    514
      364.0660000000       505.5580000000        70.7640000000    515
      364.2230000000       551.2290000000        57.4960000000    516
      366.1780000000       532.4580000000        56.2930000000    517
      367.0960000000       431.1570000000        38.1670000000    518
      367.6580000000       499.9470000000        71.6680000000    519
      367.2640000000       569.9410000000        61.3250000000    520
      369.0860000000       339.8960000000        20.4980000000    521
      369.6980000000       504.6140000000        51.0650000000    522
      370.7220000000       469.0380000000        48.5590000000    523
      370.9590000000       536.0900000000        91.8790000000    524
      371.0610000000       557.9380000000        54.3550000000    525
      372.6020000000       509.8610000000        51.5360000000    526
      373.0560000000       393.5520000000        28.2220000000    527
      373.2540000000       556.2230000000        97.2050000000    528
      373.9670000000       474.2590000000        55.8090000000    529
      374.0550000000       616.0200000000        82.3330000000    530
      376.0960000000       460.3850000000        67.9910000000    531
      375.9680000000       513.9050000000        50.5820000000    532
      377.1440000000       444.2350000000        37.2440000000    533
      378.5870000000       535.3490000000        87.2040000000    534
      379.3690000000       439.1950000000        42.3220000000    535
      379.0610000000       461.0240000000        58.9210000000    536
      379.6230000000       489.7080000000        53.8800000000    537
      380.2670000000       577.5000000000        96.8470000000    538
      381.1980000000       499.1830000000        57.4680000000    539
      381.3300000000       578.6360000000        55.7090000000    540
      383.7140000000       444.5250000000        36.0340000000    541
      384.4420000000       589.9730000000       110.0850000000    542
      384.7900000000       442.6190000000        48.8870000000    543
      385.1990000000       536.2700000000        52.0790000000    544
      385.7560000000       583.9710000000        69.6020000000    545
      386.4860000000       548.3570000000        91.4560000000    546
      387.2540000000       471.0030000000        58.0360000000    547
      387.8010000000       371.1610000000        34.4020000000    548
      387.8930000000       479.9490000000        46.6720000000    549
      388.7420000000       423.3500000000        37.4710000000    550
      388.2790000000       491.0330000000        52.0120000000    551
      389.2190000000       498.0300000000        42.7450000000    552
      390.5070000000       405.5060000000        40.0870000000    553
      390.9840000000       493.2720000000        80.4570000000    554
      391.6170000000       392.9890000000        30.3270000000    555
      392.2340000000       509.3760000000        44.4880000000    556
      393.0890000000       465.7870000000        72.1600000000    557
      392.9270000000       562.6460000000        99.7470000000    558
      392.5740000000       578.7200000000       105.1480000000    559
      393.2880000000       298.8190000000        16.3060000000    560
      393.7020000000       443.1020000000        37.4400000000    561
      394.3610000000       383.5160000000        40.7330000000    562
      394.7240000000       412.3520000000        24.7930000000    563
      394.9730000000       415.8520000000        48.3000000000    564
      395.2650000000       498.8110000000        43.0410000000    565
      394.9700000000       549.5080000000        54.9760000000    566
      395.3960000000       267.7920000000        14.1160000000    567
      395.4460000000       577.5470000000        91.2180000000    568
      396.0530000000       368.7890000000        27.7030000000    569
      397.3860000000       435.8690000000        50.4840000000    570
      397.0050000000       443.6740000000        75.8510000000    571
      397.0730000000       459.4410000000        37.7380000000    572
      397.1140000000       567.7530000000        58.1880000000    573
      398.3740000000       406.3480000000        35.3260000000    574
      398.6870000000       589.7590000000        79.8560000000    575
      399.1150000000       216.2450000000        11.3390000000    576
      399.2040000000       395.9790000000        63.2870000000    577
      399.3200000000       589.1990000000       114.4500000000    578
      400.1240000000       301.5250000000        16.4200000000    579
      399.7640000000       527.3150000000        50.0770000000    580
      400.9280000000       387.7240000000        16.5250000000    581
      401.0070000000       459.0520000000        78.5240000000    582
      400.8260000000       568.4460000000       105.2790000000    583
      401.4020000000       222.4110000000        12.4610000000    584
      401.7040000000       378.2400000000        51.0240000000    585
      401.0840000000       400.3660000000        39.9330000000    586
      401.1580000000       426.4730000000        30.2110000000    587
      401.1500000000       489.2880000000        88.3370000000    588
      401.2990000000       522.2970000000        92.6790000000    589
      402.3160000000       408.1850000000        59.2790000000    590
      402.0850000000       481.3310000000        35.1540000000    591
      403.0530000000       381.8460000000        26.9840000000    592
      403.2060000000       414.8560000000        66.5260000000    593
      404.2750000000       185.7940000000        11.7140000000    594
      405.1680000000       447.3460000000        41.2270000000    595
      405.4150000000       368.7840000000        26.7920000000    596
      405.6590000000       522.8100000000        41.8460000000    597
      406.1790000000       521.8640000000        80.8350000000    598
      406.4970000000       551.7000000000        96.8450000000    599
      406.2410000000       565.1320000000        95.5910000000    600
      407.2610000000       367.3190000000        37.4110000000    601
      407.8860000000       233.9700000000        13.2050000000    602
      407.6370000000       400.8320000000        27.4440000000    603
      407.5220000000       600.0990000000        91.3640000000    604
      408.3760000000       283.8050000000        17.3090000000    605
      409.4370000000       329.1860000000        25.1580000000    606
      409.3240000000       559.4610000000        52.0260000000    607
      409.7230000000       520.3350000000        47.9100000000    608
      410.3210000000       379.8330000000        32.9060000000    609
      410.4080000000       514.2020000000        89.5080000000    610
      410.5890000000       556.6510000000        65.2380000000    611
      410.3730000000       564.6590000000        91.1590000000    612
      410.5170000000       605.3500000000       105.3420000000    613
      411.5220000000       300.9020000000        29.7290000000    614
      411.3990000000       357.4480000000        40.9120000000    615
      411.1960000000       585.5760000000        69.3300000000    616
      412.0770000000       432.1180000000        49.2650000000    617
      412.1810000000       570.9410000000       101.0760000000    618
      412.9970000000       218.1780000000        21.4880000000    619
      413.0740000000       202.7750000000        10.8930000000    620
      413.3970000000       344.1110000000        28.9540000000    621
      414.0510000000       171.5760000000        11.6760000000    622
      413.9020000000       315.1800000000        16.4500000000    623
      413.9880000000       339.0190000000        28.4060000000    624
      414.3950000000       339.0500000000        35.0700000000    625
      414.1880000000       577.8980000000       110.1440000000    626
      414.9870000000       185.6260000000        14.6390000000    627
      414.8590000000       231.9980000000        15.6010000000    628
      415.0710000000       240.2800000000        24.9810000000    629
      414.5170000000       314.0660000000        30.2510000000    630
      414.7220000000       565.6490000000        89.4680000000    631
      415.8710000000       399.1060000000        23.0930000000    632
      415.2030000000       509.6650000000        48.0040000000    633
      415.8810000000       522.1330000000        88.8750000000    634
      416.5370000000       375.7960000000        22.7640000000    635
      417.0100000000       286.5470000000        18.6190000000    636
      417.0220000000       416.1500000000        70.1660000000    637
      417.8810000000       275.0680000000        13.0510000000    638
      417.8590000000       380.1130000000        56.7190000000    639
      417.4200000000       416.8540000000        26.4710000000    640
      417.6880000000       534.0330000000        50.8170000000    641
      418.1320000000       427.3370000000        70.5260000000    642
      418.8340000000       330.8000000000        35.3330000000    643
      419.7380000000       219.8290000000        25.6800000000    644
      419.4980000000       314.4960000000        13.3980000000    645
      419.5410000000       543.3850000000        98.1600000000    646
      421.3540000000       377.0480000000        21.8260000000    647
      421.1200000000       385.3200000000        34.1340000000    648
      420.9610000000       463.0300000000        40.5760000000    649
      422.2200000000       260.9270000000        23.3790000000    650
      421.9720000000       358.3140000000        55.1470000000    651
      422.0730000000       370.5560000000        38.6890000000    652
      421.6150000000       425.7800000000        28.3200000000    653
      422.6540000000       236.2710000000         8.5820000000    654
      422.6800000000       244.8230000000        21.2000000000    655
      422.7110000000       305.0380000000        34.2390000000    656
      422.6020000000       440.3890000000        32.7580000000    657
      422.3850000000       532.2490000000        52.2230000000    658
      424.1140000000       300.6890000000        47.9430000000    659
      424.0950000000       500.9190000000        43.9150000000    660
      424.2650000000       554.2800000000       102.2730000000    661
      424.0330000000       591.7860000000        91.3180000000    662
      424.7980000000       204.1470000000        14.4760000000    663
      424.8320000000       233.5700000000        12.9260000000    664
      425.7320000000       193.0770000000        17.9970000000    665
      425.6820000000       327.8950000000         9.0030000000    666
      425.9500000000       565.5200000000       105.4860000000    667
      427.1060000000       254.0620000000        12.9750000000    668
      427.3540000000       316.4240000000        13.0320000000    669
      428.6060000000       182.8380000000        13.8310000000    670
      428.5220000000       558.2110000000        92.8370000000    671
      428.9720000000       283.2440000000        44.0340000000    672
      429.1090000000       545.9030000000       103.1020000000    673
      429.1570000000       550.6960000000        56.4830000000    674
      429.8060000000       300.9570000000        13.3760000000    675
      429.7770000000       467.7940000000        34.7650000000    676
      430.1010000000       144.2290000000         8.9450000000    677
      430.1230000000       368.6230000000        21.1580000000    678
      430.2700000000       395.5760000000        20.3320000000    679
      430.3390000000       483.6190000000        86.3680000000    680
      430.4320000000       601.7960000000       109.4820000000    681
      431.3320000000       357.3590000000        14.8250000000    682
      431.3700000000       501.3960000000        44.5080000000    683
      431.9050000000       221.8170000000        26.8520000000    684
      431.6750000000       224.9650000000        12.0460000000    685
      431.7310000000       493.1770000000        85.4940000000    686
      431.7900000000       524.3490000000        91.2010000000    687
      432.5460000000       540.5300000000        54.2080000000    688
      433.2070000000       243.2760000000         7.7220000000    689
      433.6100000000       280.2060000000         8.4560000000    690
      434.7900000000       546.0880000000        87.7980000000    691
      434.9480000000       576.5360000000       107.9780000000    692
      435.3010000000       106.7730000000         9.1540000000    693
      435.2270000000       485.0410000000        40.8240000000    694
      436.2320000000       238.4330000000        31.5920000000    695
      436.1990000000       253.1610000000        44.6460000000    696
      436.1160000000       293.1540000000        26.7100000000    697
      436.1460000000       326.5350000000        13.8190000000    698
      436.5530000000       528.4350000000        53.8190000000    699
      436.5950000000       577.5540000000        92.4560000000    700
      437.5970000000       548.7120000000       104.7160000000    701
      438.2020000000       262.0790000000        22.7290000000    702
      438.5280000000       334.0350000000        15.3460000000    703
      439.0810000000       175.9440000000        23.6430000000    704
      439.2050000000       353.3460000000        54.2100000000    705
      438.5800000000       434.6910000000        82.7750000000    706
      438.8400000000       506.8700000000        88.5250000000    707
      438.7540000000       555.7160000000        96.0110000000    708
      439.2870000000       511.8610000000        54.7990000000    709
      440.7840000000       225.4770000000        27.9360000000    710
      441.3400000000       326.0490000000        39.0090000000    711
      441.1950000000       351.3340000000        26.0400000000    712
      441.4330000000       215.7700000000        25.8100000000    713
      441.8610000000       354.7040000000        65.5860000000    714
      442.4860000000       219.2170000000         9.1630000000    715
      443.0500000000       425.5240000000        27.3090000000    716
      443.8950000000       190.8430000000        21.0640000000    717
      443.7370000000       200.1520000000        26.6920000000    718
      444.1360000000       263.6140000000        11.0800000000    719
      444.6950000000       558.9240000000        97.6380000000    720
      445.1490000000       103.2340000000        10.7270000000    721
      445.6370000000       249.4890000000        46.3540000000    722
      445.1920000000       521.1790000000        93.7170000000    723
      446.2000000000       125.5860000000        10.1650000000    724
      446.3000000000       317.0610000000        11.7420000000    725
      446.2370000000       490.1120000000        38.0320000000    726
      445.7980000000       562.8740000000       103.1860000000    727
      446.6180000000       120.6890000000        17.2130000000    728
      446.8360000000       205.0530000000        40.1470000000    729
      447.7380000000        84.5310000000         7.9140000000    730
      447.3810000000       208.7400000000         8.6950000000    731
      447.5090000000       418.8330000000        79.8850000000    732
      447.5950000000       457.4800000000        37.9850000000    733
      447.7530000000       499.6350000000        50.1650000000    734
      447.7610000000       513.2530000000        55.8950000000    735
      447.2650000000       534.3320000000        71.3960000000    736
      447.5310000000       540.9360000000        89.8700000000    737
      447.9350000000       341.2700000000        13.3290000000    738
      448.7130000000       179.7280000000         7.0490000000    739
      449.3150000000       410.9390000000        24.8670000000    740
      450.1470000000       166.6990000000        10.4990000000    741
      450.2740000000       353.2800000000        35.4530000000    742
      451.1220000000       352.5870000000        46.5240000000    743
      450.9410000000       421.1320000000        27.6400000000    744
      450.8030000000       452.4550000000        49.9110000000    745
      450.9690000000       472.4250000000        38.3440000000    746
      451.5250000000       545.9170000000       106.5930000000    747
      452.5390000000       372.0090000000        17.2800000000    748
      452.3270000000       557.5970000000        62.0120000000    749
      452.0350000000       576.0620000000        90.3240000000    750
      452.8250000000       243.0380000000         4.5590000000    751
      453.2380000000       508.4340000000        95.1260000000    752
      453.8750000000       266.4920000000        51.3450000000    753
      453.6210000000       539.9980000000        98.3020000000    754
      454.6020000000       128.8770000000        33.8190000000    755
      454.4720000000       215.9360000000        50.0300000000    756
      454.2240000000       285.9010000000         7.9230000000    757
      454.7090000000       391.3140000000        26.6710000000    758
      455.3000000000       463.7770000000        86.3780000000    759
      455.7830000000        58.5310000000        11.7990000000    760
      455.8260000000       155.4600000000        15.9410000000    761
      455.8750000000       304.1610000000        10.8850000000    762
      455.5850000000       451.6990000000        51.4740000000    763
      456.5510000000        94.5980000000        18.9840000000    764
      456.3740000000       143.8220000000        17.9200000000    765
      457.3090000000       134.0080000000        10.6800000000    766
      456.9820000000       257.4580000000         8.4540000000    767
      457.5000000000       484.9560000000        48.6620000000    768
      457.3130000000       500.7350000000        90.0200000000    769
      458.1380000000       534.7600000000        84.1960000000    770
      459.0260000000       218.1370000000        12.4450000000    771
      459.4640000000       342.9960000000        19.3880000000    772
      459.6370000000       378.8440000000        74.8610000000    773
      459.7260000000       451.3920000000        34.3690000000    774
      459.7280000000       482.0200000000        43.5200000000    775
      459.7930000000       541.0590000000        99.6830000000    776
      460.0170000000       192.7320000000        10.0340000000    777
      460.2800000000       231.0340000000        10.0670000000    778
      461.2010000000        88.8640000000         7.6250000000    779
      461.8020000000        99.1130000000         8.9950000000    780
      461.3840000000       144.6150000000        15.7850000000    781
      461.3200000000       362.7760000000        20.2450000000    782
      461.5030000000       463.2940000000        84.6980000000    783
      462.2520000000       126.3280000000        17.9010000000    784
      462.3700000000       436.9190000000        35.0110000000    785
      462.5140000000       556.0160000000       103.9180000000    786
      462.7170000000        84.8600000000        14.4980000000    787
      463.5660000000       443.3810000000        37.8220000000    788
      464.3530000000       209.9060000000        12.0540000000    789
      464.3210000000       487.9870000000        87.9550000000    790
      465.2650000000       283.3860000000        61.2120000000    791
      465.0670000000       497.7980000000        43.8390000000    792
      465.9000000000       324.9690000000        16.1500000000    793
      466.5220000000       115.3530000000        14.6090000000    794
      466.9300000000       204.5580000000         2.9640000000    795
      467.9580000000       155.1770000000        39.2170000000    796
      467.8050000000       401.0770000000        25.6210000000    797
      467.9640000000       419.5910000000        29.1520000000    798
      467.6350000000       494.4780000000        79.4210000000    799
      468.6190000000       516.3940000000        96.7130000000    800
      469.1240000000       135.6140000000        29.8350000000    801
      469.0370000000       262.2820000000         9.0700000000    802
      469.5830000000       421.4490000000        69.7260000000    803
      471.8390000000       288.3550000000        21.8980000000    804
      471.4540000000       310.9090000000        61.6980000000    805
      472.0530000000       397.5310000000        42.9360000000    806
      473.0190000000       447.7200000000        41.1170000000    807
      472.9620000000       501.1070000000        95.9320000000    808
      473.7240000000        52.6500000000        13.5030000000    809
      473.9610000000       291.6210000000        62.5370000000    810
      473.4830000000       309.7660000000        13.9140000000    811
      473.7840000000       344.1470000000        59.7010000000    812
      473.3120000000       394.3590000000        38.5430000000    813
      474.0430000000       215.7030000000         8.5570000000    814
      474.1840000000       294.4290000000        12.1990000000    815
      474.0750000000       312.7550000000        24.2520000000    816
      474.2510000000       516.9990000000        93.7090000000    817
      473.9950000000       519.7420000000        65.2650000000    818
      474.7300000000        51.4600000000         4.8220000000    819
      475.2850000000       194.9310000000        47.8150000000    820
      475.1180000000       240.7020000000        14.1780000000    821
      474.7360000000       470.6240000000        87.0320000000    822
      475.9970000000       362.3330000000        32.1860000000    823
      476.7980000000       270.6970000000        56.1730000000    824
      477.1820000000       159.5150000000        42.1200000000    825
      477.3450000000       513.4780000000        82.8260000000    826
      477.8320000000       106.7820000000        25.4720000000    827
      477.6310000000       429.4700000000        79.0120000000    828
      478.1270000000       491.9240000000        98.0660000000    829
      478.9050000000       511.0360000000       101.2260000000    830
      479.4880000000       212.2920000000        21.4780000000    831
      480.1760000000        39.5120000000        16.2130000000    832
      479.7420000000       140.6990000000        42.3060000000    833
      480.8150000000       131.7150000000         6.4330000000    834
      481.6590000000       194.5270000000         6.4870000000    835
      481.4860000000       258.4330000000        14.6030000000    836
      481.0730000000       392.9110000000        78.3390000000    837
      481.3290000000       449.0580000000        78.7730000000    838
      481.1910000000       460.3980000000        83.9920000000    839
      481.1120000000       555.8740000000        85.1210000000    840
      482.3230000000         4.4560000000        30.4050000000    841
      482.0550000000       335.6100000000        20.5230000000    842
      483.1320000000        35.9270000000         5.4540000000    843
      482.5900000000       308.0300000000        19.9180000000    844
      483.3600000000       235.9920000000        54.0300000000    845
      483.8180000000       397.3870000000        25.1230000000    846
      483.2410000000       429.1130000000        32.3770000000    847
      484.1950000000         5.3430000000        21.8330000000    848
      484.0830000000       533.3780000000        94.6300000000    849
      485.0130000000       122.0340000000        22.1410000000    850
      485.1060000000       267.1040000000        12.8400000000    851
      485.1950000000       528.1770000000        75.7060000000    852
      485.7530000000       322.0340000000        66.4220000000    853
      485.4350000000       344.2180000000        20.6770000000    854
      486.6510000000       241.8290000000        11.0140000000    855
      486.2590000000       337.9460000000        46.3950000000    856
      486.5600000000       475.8740000000        67.7680000000    857
      486.3610000000       526.1620000000       103.6450000000    858
      487.0260000000       305.2240000000        36.1820000000    859
      488.1070000000        78.7570000000         3.1870000000    860
      488.8420000000        51.9570000000        12.2320000000    861
      489.1080000000       369.4640000000        63.3670000000    862
      489.0960000000       490.5090000000        90.3040000000    863
      489.8680000000       213.9090000000        14.6270000000    864
      489.8880000000       534.3970000000        81.7260000000    865
      490.9230000000        21.1760000000        14.6630000000    866
      490.7740000000       162.2050000000        42.2670000000    867
      490.7590000000       362.6780000000        69.1600000000    868
      491.5360000000        15.6480000000        12.9720000000    869
      491.3470000000       129.9860000000         6.5670000000    870
      491.4620000000       308.2870000000        58.6890000000    871
      491.0840000000       348.8740000000        64.5590000000    872
      491.7960000000       262.9180000000        26.4890000000    873
      492.0600000000       393.9250000000        67.4910000000    874
      492.1300000000       460.9380000000        86.0440000000    875
      494.0810000000        42.8690000000        22.9570000000    876
      494.0330000000       272.6820000000        16.7430000000    877
      494.0430000000       507.1430000000        85.9250000000    878
      494.9170000000       253.3650000000        27.3380000000    879
      495.2180000000       286.0390000000        60.9850000000    880
      495.1660000000       456.2140000000        87.9780000000    881
      495.4290000000       107.3570000000         8.5600000000    882
      495.6260000000       150.2600000000         6.8350000000    883
      495.3590000000       234.0980000000        61.8580000000    884
      495.3910000000       254.5270000000        57.5390000000    885
      496.1260000000       202.9280000000        33.4500000000    886
      496.8850000000       372.0210000000        68.0270000000    887
      496.6980000000       420.5310000000        46.5890000000    888
      496.8430000000       434.6660000000        67.2560000000    889
      496.7860000000       457.3650000000        46.4650000000    890
      497.0100000000       478.1450000000        57.3230000000    891
      497.7230000000       421.4190000000        77.3380000000    892
      497.9590000000       440.9720000000        82.4160000000    893
      497.9210000000       457.6010000000        40.1100000000    894
      498.5500000000       473.5920000000        90.5130000000    895
      499.1370000000        57.4260000000        14.9430000000    896
      499.3180000000       478.0290000000        71.8270000000    897
      499.5940000000       501.6090000000        93.7410000000    898
      500.6520000000       192.1830000000        12.3440000000    899
      500.2410000000       275.0630000000        36.6610000000    900
      500.6910000000       298.3900000000        61.9370000000    901
      501.2840000000       317.7650000000        64.2140000000    902
      501.5400000000       397.0630000000        76.8560000000    903
      501.9040000000       513.7120000000        96.2970000000    904
      502.7750000000       104.0740000000        20.6960000000    905
      502.5110000000       193.7660000000        34.3160000000    906
      502.8180000000       214.9650000000        34.1210000000    907
      502.7260000000       459.3220000000        84.7250000000    908
      503.2210000000       112.1110000000         8.9240000000    909
      504.1580000000       113.6870000000        17.0660000000    910
      503.8680000000       282.8210000000        13.6070000000    911
      504.2880000000       339.7400000000        65.0010000000    912
      504.1120000000       363.7880000000        21.1590000000    913
      503.7860000000       376.2850000000        57.1820000000    914
      504.5750000000       241.0490000000        14.3660000000    915
      504.7270000000       373.8870000000        70.1240000000    916
      504.6440000000       387.4870000000        68.5130000000    917
      505.3750000000       145.7450000000         8.3440000000    918
      505.5250000000       486.6240000000        87.1470000000    919
      505.6620000000       489.2470000000        78.1170000000    920
      506.1510000000       135.4390000000        11.3430000000    921
      506.5530000000       251.7370000000        12.9430000000    922
      506.4140000000       278.4140000000        14.0900000000    923
      507.0560000000       402.9250000000        70.5420000000    924
      507.1640000000       511.7340000000        87.8720000000    925
      508.4230000000       423.0150000000        77.4420000000    926
      508.1990000000       437.5160000000        81.3790000000    927
      508.4750000000       470.5990000000        89.1990000000    928
      508.8170000000        78.1110000000        23.0700000000    929
      509.0500000000       404.7230000000        77.8020000000    930
      509.6470000000       181.5580000000        10.9390000000    931
      509.9010000000       417.2870000000        61.9880000000    932
      510.9980000000        72.9890000000         7.8200000000    933
      510.8860000000       395.3480000000        73.3970000000    934
      511.1500000000       425.7250000000        62.5370000000    935
      512.0060000000       143.7170000000        11.8560000000    936
      513.2680000000        81.4710000000         7.1350000000    937
      513.3480000000       121.7850000000        16.1620000000    938
      513.2000000000       354.2840000000        59.0820000000    939
      513.5770000000       468.9330000000        82.6660000000    940
      513.7520000000        48.8840000000        11.7350000000    941
      514.0710000000       311.0510000000        65.4440000000    942
      514.2060000000       344.5250000000        68.4110000000    943
      514.9520000000       375.9390000000        52.7130000000    944
      514.5540000000       477.6750000000        92.8220000000    945
      515.7460000000       524.4900000000        95.8210000000    946
      516.0550000000       467.7350000000        86.7290000000    947
      516.9070000000       313.8590000000        27.5540000000    948
      516.9820000000       404.7570000000        77.1660000000    949
      517.1500000000       484.7550000000        50.3070000000    950
      517.5260000000       135.0140000000        11.9030000000    951
      517.2730000000       363.9250000000        68.3160000000    952
      518.4770000000       240.0290000000        15.2600000000    953
      518.4690000000       256.4080000000        15.4240000000    954
      518.1240000000       301.3410000000        66.0990000000    955
      518.2390000000       436.4160000000        83.0750000000    956
      519.1180000000       455.9320000000        89.4580000000    957
      519.5480000000       369.4130000000        59.7230000000    958
      520.3550000000       354.6110000000        58.1150000000    959
      520.7350000000       414.8190000000        77.2070000000    960
      520.9450000000       338.8810000000        66.4780000000    961
      521.2300000000       385.9250000000        77.5220000000    962
      522.9600000000       117.5530000000        15.2600000000    963
      523.0290000000       234.0980000000        59.3880000000    964
      523.5450000000       331.8850000000        51.9400000000    965
      524.1940000000       293.4720000000        64.2790000000    966
      523.7440000000       340.0580000000        70.7000000000    967
      525.2400000000       288.5930000000        55.9410000000    968
      525.6910000000       360.5630000000        75.3670000000    969
      525.0740000000       436.6680000000        62.7130000000    970
      526.7700000000        22.8590000000         7.7320000000    971
      526.6130000000       473.0580000000        85.3010000000    972
      527.2870000000       399.9850000000        78.1050000000    973
      528.3190000000        10.5380000000        15.0410000000    974
      528.0350000000        30.3970000000        14.5250000000    975
      528.3540000000       413.4380000000        74.5120000000    976
      529.1350000000        34.3690000000        32.8290000000    977
      531.2430000000       316.2120000000        68.4260000000    978
      531.2620000000       481.3940000000        94.4880000000    979
      531.6510000000       338.2760000000        61.1030000000    980
      531.4490000000       427.5630000000        70.7740000000    981
      531.6530000000       443.2110000000        90.5330000000    982
      532.7330000000       157.4390000000        15.2100000000    983
      532.2010000000       275.8710000000        63.9660000000    984
      532.7750000000       344.6480000000        71.7450000000    985
      532.3000000000       348.2430000000        32.3300000000    986
      532.3700000000       374.5250000000        76.3110000000    987
      532.8660000000        92.1240000000        15.0660000000    988
      535.2260000000       384.2420000000        68.3160000000    989
      535.8130000000       151.2430000000        13.2640000000    990
      536.5990000000       316.2360000000        56.4440000000    991
      537.3130000000        21.8070000000        11.4680000000    992
      537.6860000000       268.3420000000        61.1070000000    993
      537.8180000000        28.8330000000         8.6730000000    994
      539.4520000000        74.5750000000        11.6180000000    995
      539.7980000000       404.6690000000        84.9720000000    996
      539.6910000000       412.8410000000        71.7340000000    997
      540.4920000000       320.7340000000        70.2330000000    998
      540.9300000000       393.2640000000        73.4130000000    999
      543.1380000000       344.1930000000        53.1810000000   1000
      543.9240000000       288.2690000000        56.2130000000   1001
      543.8600000000       313.1590000000        68.4110000000   1002
      544.8260000000       374.7720000000        69.5010000000   1003
      545.8530000000       281.5070000000        65.1610000000   1004
      547.4140000000       233.6540000000        60.6760000000   1005
      548.2960000000       299.5630000000        69.3130000000   1006
      550.0720000000       376.1000000000        84.5640000000   1007
      552.2110000000       306.5560000000        58.3850000000   1008
      555.0250000000       124.2170000000        13.2310000000   1009
      555.3830000000       233.5480000000        24.8060000000   1010
      566.6100000000       331.7890000000        35.3310000000   1011
      566.6350000000       347.3210000000        35.4120000000   1012
      572.7010000000        71.1150000000        15.6150000000   1013
      179.1170000000       374.1440000000        78.5710000000   1014
      180.7420000000       188.1700000000        17.3730000000   1015
      188.6820000000       357.5210000000        65.9740000000   1016
      195.3550000000       432.8550000000        81.8850000000   1017
      196.6340000000       432.2370000000        82.3240000000   1018
      229.0440000000       283.9960000000        13.1090000000   1019
      250.1570000000       541.2570000000        64.7610000000   1020
      272.0380000000       199.4550000000         9.2250000000   1021
      279.8380000000       223.3170000000        19.4090000000   1022
      301.3800000000       446.6090000000        67.3710000000   1023
      328.9780000000       495.4880000000        71.8100000000   1024
      384.5780000000       495.6820000000        44.8540000000   1025
      407.1450000000       344.9900000000        20.3690000000   1026
      425.6510000000       540.3670000000        96.2680000000   1027
      430.1350000000       212.2190000000        35.6470000000   1028
      474.5530000000       226.7600000000         8.7630000000   1029
      491.5380000000        49.7030000000        28.5560000000   1030
      509.8940000000       108.0360000000        11.9060000000   1031
      513.6680000000       336.3980000000        66.0600000000   1032
      591.9830000000       158.0370000000        27.3220000000   1033
