       91.0840000000       257.2990000000        75.9610000000      0
       92.3270000000       379.3790000000        75.3060000000      1
       92.9070000000       423.1370000000        56.2750000000      2
       93.6430000000       248.4000000000        77.9860000000      3
       95.7170000000       328.7100000000        32.9270000000      4
       95.5770000000       338.3650000000        67.4040000000      5
       96.6540000000       220.6620000000        78.6440000000      6
       97.4180000000       324.5430000000        66.1960000000      7
       98.0380000000       292.9090000000        81.5910000000      8
      100.2220000000       399.9660000000        65.6160000000      9
      100.6560000000       310.5490000000        67.9430000000     10
      103.8680000000       327.0170000000        73.7820000000     11
      104.6130000000       225.0660000000        79.3800000000     12
      104.7380000000       399.6550000000        80.2330000000     13
      105.7000000000       255.4650000000        71.3780000000     14
      105.7350000000       312.7200000000        56.9050000000     15
      106.2120000000       203.6090000000        85.8460000000     16
      106.7370000000       279.8090000000        75.3950000000     17
      107.1390000000       261.5290000000        63.5790000000     18
      108.9920000000       335.3760000000        23.4430000000     19
      108.7580000000       353.2670000000        59.8350000000     20
      109.7240000000       369.4560000000        72.0160000000     21
      109.9880000000       204.8520000000        62.8400000000     22
      110.5760000000       373.3530000000        62.4160000000     23
      110.7330000000       391.4840000000        57.5450000000     24
      113.4900000000       278.3930000000        65.4330000000     25
      113.8260000000       337.5710000000        36.1330000000     26
      114.2040000000       317.7940000000        62.1590000000     27
      114.6250000000       325.8280000000        73.3120000000     28
      115.2610000000       277.2510000000        54.5520000000     29
      115.6840000000       228.6730000000        62.5590000000     30
      116.7270000000       276.2510000000        92.5610000000     31
      116.8420000000       284.9930000000        34.2310000000     32
      118.3660000000       264.7940000000        54.8830000000     33
      118.2370000000       360.5320000000        55.7550000000     34
      118.7040000000       187.3870000000        73.3230000000     35
      118.6400000000       479.9020000000        20.7980000000     36
      120.4080000000       310.3600000000        75.3910000000     37
      120.8790000000       302.5240000000        85.2810000000     38
      122.6280000000       463.8580000000        20.1540000000     39
      124.4310000000       258.3720000000        94.9150000000     40
      125.0100000000       182.5800000000       103.1660000000     41
      125.4850000000       172.2660000000        72.8950000000     42
      125.3780000000       241.5310000000        56.8430000000     43
      125.5830000000       420.4820000000        45.2390000000     44
      126.1490000000       203.6650000000        88.2090000000     45
      125.9750000000       397.3440000000        18.5260000000     46
      126.2840000000       343.3220000000        77.5340000000     47
      126.3890000000       370.8350000000        79.7220000000     48
      127.5220000000       319.9190000000        42.6740000000     49
      127.4240000000       329.1930000000        90.2850000000     50
      127.7420000000       308.7850000000        82.9780000000     51
      128.2310000000       255.6510000000        58.5100000000     52
      128.2080000000       313.7940000000        34.5430000000     53
      128.4460000000       423.9530000000        40.4640000000     54
      129.4920000000       270.0680000000        98.0730000000     55
      129.7970000000       376.6580000000        32.6280000000     56
      129.9030000000       407.7060000000        72.3960000000     57
      130.1850000000       215.6680000000       102.9570000000     58
      130.3570000000       260.3490000000        84.1770000000     59
      130.1050000000       357.1340000000        85.6890000000     60
      130.0910000000       393.3220000000        84.8140000000     61
      131.0690000000       297.3210000000        25.5730000000     62
      130.8450000000       401.3630000000        38.3600000000     63
      131.2190000000       182.9240000000        48.2650000000     64
      131.4330000000       355.9850000000        39.1660000000     65
      132.0010000000       250.9860000000        30.2230000000     66
      132.0580000000       296.7170000000        84.6660000000     67
      132.7230000000       162.6400000000        79.9090000000     68
      134.0640000000       215.8960000000        69.8930000000     69
      133.9050000000       290.6490000000        48.6240000000     70
      134.7450000000       224.9020000000        89.9080000000     71
      134.8840000000       504.0260000000        22.8930000000     72
      135.4200000000       275.0610000000        42.2270000000     73
      136.4350000000       298.7970000000        23.7710000000     74
      136.5270000000       478.6300000000        17.5590000000     75
      137.6150000000       190.9350000000        70.8890000000     76
      137.4700000000       374.8090000000        81.4690000000     77
      138.1950000000       327.4180000000        84.5620000000     78
      138.5190000000       357.8380000000        40.4160000000     79
      139.1330000000       374.2790000000        52.6240000000     80
      139.1670000000       439.5440000000        18.2780000000     81
      140.1710000000       400.4070000000        80.6410000000     82
      140.6060000000       177.3770000000       101.8890000000     83
      140.6790000000       310.6070000000        20.6250000000     84
      140.7840000000       356.9560000000        31.6040000000     85
      140.8880000000       216.7610000000       106.0280000000     86
      141.4520000000       393.8580000000        31.8840000000     87
      141.6140000000       508.8200000000        27.5510000000     88
      142.1170000000       311.4790000000        90.8410000000     89
      142.3400000000       415.3270000000        20.4090000000     90
      143.9570000000       386.7970000000        82.2050000000     91
      144.1800000000       345.8970000000        27.4220000000     92
      144.3440000000       371.8590000000        39.7760000000     93
      144.0400000000       406.7210000000        30.6520000000     94
      144.0960000000       412.0790000000        10.9170000000     95
      144.0580000000       456.4250000000        57.5220000000     96
      144.5100000000       450.9190000000        69.1920000000     97
      144.7710000000       232.9300000000        40.3850000000     98
      145.1950000000       274.7110000000        88.4550000000     99
      145.3070000000       405.6210000000        59.9710000000    100
      145.3350000000       439.7210000000        33.5790000000    101
      146.1250000000       133.8340000000        75.0670000000    102
      146.0480000000       449.7190000000        36.4140000000    103
      145.8230000000       470.9870000000        21.3770000000    104
      146.5020000000       289.6690000000       107.3190000000    105
      147.0490000000       151.5250000000        99.7890000000    106
      146.9040000000       213.8840000000       102.8190000000    107
      147.6610000000       378.3230000000        16.6930000000    108
      148.8410000000       168.0550000000        70.6740000000    109
      148.7900000000       397.1020000000        70.8410000000    110
      148.9790000000       324.9680000000        34.9330000000    111
      150.0080000000       290.1400000000        19.8310000000    112
      150.7220000000       518.7270000000        28.3230000000    113
      151.1450000000       394.9710000000         5.8890000000    114
      153.1100000000       193.7950000000       112.1920000000    115
      152.8530000000       371.9620000000        79.7580000000    116
      153.3140000000       331.8500000000        22.5560000000    117
      155.8850000000       341.1060000000        14.7440000000    118
      156.0400000000       361.6090000000        14.4320000000    119
      156.3380000000       127.8320000000       117.8190000000    120
      156.4820000000       182.0440000000       111.4990000000    121
      156.5580000000       203.7660000000        96.6190000000    122
      157.9540000000       160.3550000000        58.8410000000    123
      158.1110000000       426.6980000000         9.1240000000    124
      159.0960000000       210.8260000000        35.5560000000    125
      161.1270000000       352.9180000000        87.1270000000    126
      163.9150000000       162.4510000000       108.9460000000    127
      164.0040000000       345.5100000000        71.4600000000    128
      165.2330000000       160.8160000000        59.0840000000    129
      165.4280000000       143.9920000000       100.7670000000    130
      166.2140000000       200.6590000000        39.7370000000    131
      167.6290000000       147.5000000000        84.5800000000    132
      168.4420000000       221.7470000000        30.5210000000    133
      169.7510000000       155.9600000000        49.4720000000    134
      170.3250000000       125.1970000000        96.1270000000    135
      171.7850000000       178.7510000000        79.1730000000    136
      171.8100000000       322.5310000000        14.9920000000    137
      172.5000000000       128.8220000000        86.1890000000    138
      172.7820000000       188.9990000000        88.4340000000    139
      174.2100000000       151.2310000000       123.4970000000    140
      174.7000000000       163.2030000000        76.6460000000    141
      175.7190000000       498.7480000000         7.0560000000    142
      176.7800000000       118.7810000000        98.8040000000    143
      176.7080000000       513.0470000000        33.5390000000    144
      177.7380000000       173.7720000000       114.7620000000    145
      178.4570000000       137.4800000000       111.0430000000    146
      178.6120000000       478.0860000000        49.5930000000    147
      179.8730000000       160.3390000000        46.0540000000    148
      181.0040000000       268.3960000000        58.2930000000    149
      182.5170000000       463.9050000000        48.4560000000    150
      182.8340000000       241.3800000000        80.2200000000    151
      184.1240000000       125.2430000000        68.6220000000    152
      185.3560000000       254.9110000000        93.9000000000    153
      185.6280000000       350.0550000000        10.9650000000    154
      185.4230000000       444.8290000000        45.0290000000    155
      186.0440000000       140.6220000000       123.9120000000    156
      187.2770000000       130.8460000000        62.4650000000    157
      187.2770000000       157.1550000000       111.3880000000    158
      187.6200000000       519.2470000000        30.8860000000    159
      190.0290000000       436.1050000000         9.6700000000    160
      190.1300000000       444.5780000000         5.2800000000    161
      190.3310000000       339.9970000000        11.3570000000    162
      190.5920000000       311.3860000000        12.3650000000    163
      191.0790000000       249.5110000000        24.7970000000    164
      191.2100000000       424.0930000000        49.8040000000    165
      191.2270000000       247.9740000000        73.9230000000    166
      191.4470000000       332.9880000000        81.2270000000    167
      191.7830000000       460.2120000000         6.7850000000    168
      192.7640000000       396.1850000000        61.5480000000    169
      193.0100000000       295.7100000000        64.9460000000    170
      193.2150000000       368.2200000000        65.4500000000    171
      193.4350000000       327.0040000000        14.3480000000    172
      196.2340000000       116.4790000000        82.2590000000    173
      197.7550000000       266.1790000000        66.0870000000    174
      198.4840000000       508.7530000000        13.3180000000    175
      198.7680000000       122.9540000000        63.0850000000    176
      199.0740000000       270.0610000000        27.6380000000    177
      199.0140000000       331.4210000000        73.8900000000    178
      199.5440000000       233.5970000000        68.9490000000    179
      199.5490000000       312.6880000000        23.0550000000    180
      199.9340000000       374.7010000000        51.3400000000    181
      200.2280000000       284.9950000000        74.4220000000    182
      200.0270000000       326.7540000000        14.8390000000    183
      200.4300000000       489.2850000000        33.0450000000    184
      200.8180000000       279.2790000000        21.2570000000    185
      200.8330000000       448.9490000000         5.3330000000    186
      202.0170000000       266.2140000000        55.1600000000    187
      203.1700000000       119.0850000000       106.7600000000    188
      203.9820000000        99.3840000000        96.5800000000    189
      204.4770000000       206.9710000000        75.0660000000    190
      207.1990000000       378.0120000000        31.0460000000    191
      208.1670000000       337.0540000000        56.6360000000    192
      208.2560000000       468.4620000000        18.4220000000    193
      209.1840000000        89.8060000000       102.5300000000    194
      209.6080000000       414.8940000000        27.5470000000    195
      212.1020000000       225.3930000000        34.3460000000    196
      212.1410000000       281.5840000000        14.8750000000    197
      213.1430000000       102.2600000000        70.5940000000    198
      214.2240000000       221.0390000000        85.4640000000    199
      214.2370000000       303.8340000000        34.4770000000    200
      214.3740000000       244.7440000000        77.6600000000    201
      214.5020000000       371.6660000000        29.1600000000    202
      214.9010000000       133.6470000000       111.1010000000    203
      216.5090000000       100.2710000000       100.8340000000    204
      218.0090000000       114.9990000000       115.3470000000    205
      219.9150000000       195.7730000000        40.5670000000    206
      220.6690000000       160.3980000000        47.9880000000    207
      221.1500000000       167.1520000000        42.1350000000    208
      223.5010000000       402.3550000000        21.9880000000    209
      225.4100000000       254.1450000000        25.9230000000    210
      225.2680000000       342.7580000000        27.9000000000    211
      225.6770000000       117.0660000000        65.5130000000    212
      226.4920000000       376.3460000000        21.3480000000    213
      230.5420000000       277.5250000000        19.2950000000    214
      232.7100000000       425.8460000000         4.7700000000    215
      250.7420000000       512.6360000000         5.3700000000    216
      252.4720000000        83.2590000000        85.2630000000    217
      254.7570000000        93.6960000000        79.8810000000    218
      263.2000000000       162.0920000000        47.0230000000    219
      263.6070000000       105.1080000000        98.5530000000    220
      263.7560000000       162.3610000000        89.7540000000    221
      265.3530000000       217.7480000000        21.4600000000    222
      267.9850000000       109.4800000000       114.2180000000    223
      273.3060000000       211.1170000000        21.0070000000    224
      274.0000000000       505.5750000000         8.5400000000    225
      276.9840000000       199.5230000000        45.1850000000    226
      281.0650000000       110.0480000000       106.3040000000    227
      282.9700000000       109.4530000000        89.5260000000    228
      284.7640000000       257.6340000000        27.5880000000    229
      284.9190000000       379.3730000000        11.0950000000    230
      285.6570000000       125.2120000000       121.5590000000    231
      286.4500000000       193.0750000000        70.6600000000    232
      288.3230000000       111.4330000000       116.9300000000    233
      288.1560000000       153.0070000000        47.7820000000    234
      289.7350000000       457.7570000000        16.9650000000    235
      291.2910000000       489.5560000000        15.0670000000    236
      295.2860000000       252.6330000000        59.1320000000    237
      296.0750000000        96.2020000000        66.7320000000    238
      295.9910000000       200.4780000000        34.0720000000    239
      297.1110000000       101.7650000000        81.4370000000    240
      299.1050000000       210.0850000000        92.7790000000    241
      299.5180000000       207.8520000000        29.0700000000    242
      299.5520000000       272.2620000000        24.6580000000    243
      299.2940000000       303.8590000000        12.3000000000    244
      301.0690000000       310.8700000000        49.1960000000    245
      301.6130000000       241.7150000000        75.9460000000    246
      301.9650000000       124.3550000000        63.0090000000    247
      301.9410000000       202.6360000000        75.2550000000    248
      301.8090000000       253.3390000000        17.7030000000    249
      302.1830000000       269.4720000000        13.9600000000    250
      304.4440000000       248.7320000000        57.4570000000    251
      304.2770000000       473.8550000000         7.4670000000    252
      308.1170000000       412.3800000000        17.3860000000    253
      308.9390000000       124.3300000000       107.9300000000    254
      309.9980000000       249.4620000000        77.2170000000    255
      312.3560000000       116.2140000000        92.5770000000    256
      312.7210000000       417.4460000000        28.2540000000    257
      313.8370000000       357.4280000000        14.8140000000    258
      314.7300000000       138.5230000000       105.5580000000    259
      314.6930000000       306.8200000000        62.8160000000    260
      315.7120000000       217.3160000000        89.4360000000    261
      315.7840000000       423.0900000000        30.7070000000    262
      316.7040000000       361.2330000000        59.4140000000    263
      318.1690000000       272.5710000000        58.2590000000    264
      318.4690000000       323.9680000000        10.8130000000    265
      318.7910000000       324.4750000000        63.8120000000    266
      319.0030000000       133.1650000000       116.6140000000    267
      318.9730000000       268.5030000000        55.7370000000    268
      319.4400000000       417.4390000000        20.7360000000    269
      319.6850000000       478.4820000000        14.1910000000    270
      320.1300000000       399.5050000000         4.3340000000    271
      323.0760000000       123.5560000000        85.2800000000    272
      323.4400000000       154.3200000000       108.5700000000    273
      325.5000000000       104.8970000000       122.2170000000    274
      325.9520000000       444.9580000000        25.0530000000    275
      326.6760000000       237.8140000000        75.8660000000    276
      328.1080000000       384.2760000000        54.2280000000    277
      328.6850000000       485.7270000000        23.4340000000    278
      330.0270000000       108.1490000000        86.0310000000    279
      330.0980000000       338.9070000000         8.0600000000    280
      330.3050000000       369.7090000000        50.2490000000    281
      330.8260000000       473.4350000000         8.5770000000    282
      332.8740000000       335.3720000000        64.8880000000    283
      333.0090000000       374.7770000000        67.5080000000    284
      333.8410000000       478.9890000000        13.6890000000    285
      334.7690000000       378.9960000000        57.7750000000    286
      336.7050000000       502.8160000000         4.6580000000    287
      339.0530000000       416.5760000000        50.5010000000    288
      339.3390000000       511.1470000000         9.3850000000    289
      339.5140000000       194.3050000000        28.8830000000    290
      341.5530000000       118.2610000000        84.7330000000    291
      342.9020000000       383.3430000000         5.3410000000    292
      343.1870000000       213.9170000000        32.8940000000    293
      343.8590000000       464.1970000000         5.9130000000    294
      344.0190000000       331.3320000000         8.0990000000    295
      344.2440000000       398.0910000000        57.6070000000    296
      347.3700000000       382.3750000000         5.0670000000    297
      347.9910000000       171.9550000000        98.1790000000    298
      349.1720000000       131.8570000000        95.7920000000    299
      349.8980000000       269.9100000000        13.0170000000    300
      349.9440000000       465.5450000000        46.6080000000    301
      352.0440000000       393.1130000000        51.9770000000    302
      352.4200000000       158.7880000000       101.2550000000    303
      352.9020000000       144.6310000000        87.7240000000    304
      354.6850000000       196.2970000000        34.2270000000    305
      354.8930000000       331.1430000000         6.8270000000    306
      355.2870000000       431.4070000000         3.4900000000    307
      355.9620000000       175.0120000000        51.8680000000    308
      356.1470000000       290.1590000000        13.4130000000    309
      356.7760000000       190.1240000000        85.5530000000    310
      358.2520000000       220.6140000000        21.2300000000    311
      358.0230000000       231.0480000000        20.5400000000    312
      360.0350000000       251.7920000000        24.5730000000    313
      360.2530000000       274.3940000000        22.8670000000    314
      360.6920000000       157.8330000000        85.2630000000    315
      364.8570000000       295.8450000000        28.8880000000    316
      365.6980000000       153.2130000000        70.1310000000    317
      365.7160000000       440.7550000000        60.6310000000    318
      366.1840000000       409.0790000000        20.6040000000    319
      366.5890000000       313.6990000000        23.7220000000    320
      366.6000000000       402.2450000000        20.1560000000    321
      367.0100000000       141.4300000000        91.2180000000    322
      366.9770000000       395.8100000000         9.8270000000    323
      368.1980000000       376.8550000000        10.4620000000    324
      369.5740000000       283.4440000000        17.9160000000    325
      369.7740000000       359.9810000000         6.8190000000    326
      370.0460000000       361.2530000000        72.8190000000    327
      370.7920000000       327.2190000000        22.6480000000    328
      371.2410000000       401.1650000000        67.5890000000    329
      371.6460000000       158.1160000000        62.3070000000    330
      372.0670000000       299.1350000000        66.2190000000    331
      373.3050000000       274.2130000000        16.9970000000    332
      373.6500000000       232.4890000000        87.1760000000    333
      373.3640000000       466.2360000000        13.2680000000    334
      374.6590000000       169.5420000000        69.2540000000    335
      375.0940000000       449.0650000000        11.0090000000    336
      376.5500000000       515.3590000000         6.1730000000    337
      376.9570000000       301.7960000000        80.7820000000    338
      378.1230000000       183.9650000000        55.3470000000    339
      378.1930000000       343.5410000000        34.0930000000    340
      378.5560000000       293.5320000000        30.3960000000    341
      378.5530000000       499.2350000000        12.1360000000    342
      379.1950000000       258.4220000000        18.6820000000    343
      379.0150000000       387.3190000000        22.9470000000    344
      379.5650000000       197.1600000000        88.0470000000    345
      379.8980000000       275.2800000000        60.0640000000    346
      380.7370000000       217.2550000000        80.7710000000    347
      381.0760000000       142.0220000000       103.4490000000    348
      382.1910000000       329.0060000000        54.5580000000    349
      382.5550000000       480.7210000000         9.6920000000    350
      382.9410000000       174.1140000000        93.3990000000    351
      383.0680000000       460.5130000000        13.5980000000    352
      383.3170000000       205.9980000000        93.8890000000    353
      383.2630000000       333.5750000000        30.3060000000    354
      383.6530000000       307.3180000000        77.5350000000    355
      384.0250000000       324.2440000000        54.3990000000    356
      384.2930000000       192.2260000000        47.8480000000    357
      384.4960000000       241.6340000000        78.7990000000    358
      385.1860000000       272.2250000000        37.5190000000    359
      385.5380000000       413.8280000000        29.8950000000    360
      385.9590000000       231.8540000000        28.5470000000    361
      386.6620000000       160.9070000000        78.8290000000    362
      386.9190000000       230.7580000000        50.1820000000    363
      387.4740000000       200.8860000000        73.7520000000    364
      388.1190000000       277.7410000000        71.0880000000    365
      388.6360000000       416.2990000000        54.1550000000    366
      389.0300000000       289.4410000000        79.2340000000    367
      389.2890000000       390.0240000000         9.6490000000    368
      389.4820000000       396.0810000000        29.0190000000    369
      390.6010000000       311.8930000000        78.4440000000    370
      391.2840000000       237.9890000000        26.1820000000    371
      391.8880000000       326.5640000000        70.4790000000    372
      392.0320000000       484.5100000000        13.1730000000    373
      393.8350000000       247.2750000000        75.9110000000    374
      394.9730000000       383.5330000000        68.6040000000    375
      394.9490000000       396.5690000000        71.9460000000    376
      394.7890000000       479.4280000000        26.9160000000    377
      395.5910000000       404.2190000000        36.3180000000    378
      395.9260000000       197.2570000000        77.0180000000    379
      398.2050000000       238.3330000000        26.1030000000    380
      399.1690000000       284.7020000000        41.9660000000    381
      399.1640000000       341.9180000000        35.0060000000    382
      399.4750000000       353.8050000000        73.6420000000    383
      400.0360000000       372.1260000000        24.9360000000    384
      400.4730000000       259.4740000000        46.7680000000    385
      401.6560000000       271.8320000000        39.2950000000    386
      401.7640000000       217.4110000000        93.0500000000    387
      402.3410000000       313.9750000000        57.9770000000    388
      402.3490000000       321.4560000000        34.1770000000    389
      402.1740000000       395.1110000000        56.7200000000    390
      402.8460000000       347.1010000000        29.7380000000    391
      403.8790000000       275.9440000000        84.5010000000    392
      404.8320000000       289.9690000000        57.2600000000    393
      404.9180000000       329.8620000000        65.9170000000    394
      406.4670000000       392.8130000000        57.4740000000    395
      406.6530000000       260.1730000000        63.2490000000    396
      407.7220000000       477.1910000000        20.3860000000    397
      408.5730000000       275.4910000000        63.9910000000    398
      410.3060000000       248.0910000000        84.5680000000    399
      410.4530000000       303.0040000000        15.1060000000    400
      410.8490000000       358.0590000000        52.1690000000    401
      411.3700000000       242.1870000000        61.7740000000    402
      411.6990000000       396.5580000000        66.2890000000    403
      412.8900000000       315.2050000000        50.5240000000    404
      413.5740000000       299.6380000000        63.4200000000    405
      413.8700000000       347.1580000000        57.4910000000    406
      415.6780000000       300.1340000000        78.7580000000    407
      416.2570000000       210.9100000000        88.3910000000    408
      416.5970000000       292.2280000000        21.5280000000    409
      416.3980000000       374.6040000000        43.9900000000    410
      420.5060000000       259.8610000000        52.7930000000    411
      420.6790000000       354.5700000000        46.1180000000    412
      422.1950000000       357.2290000000        71.8080000000    413
      423.1810000000       305.6780000000        46.3290000000    414
      428.0480000000       313.5310000000        60.6310000000    415
      139.2300000000       236.3160000000        87.8870000000    416
      140.8800000000       405.0350000000        51.6000000000    417
      143.2650000000       236.1660000000        87.9140000000    418
      153.4600000000       400.9800000000        17.2460000000    419
      160.8980000000       289.7370000000        49.8900000000    420
      293.4740000000       204.6490000000        80.7770000000    421
      416.3450000000       385.5750000000        53.8860000000    422
