      103.0350000000       505.5440000000        83.8530000000      0
      104.0310000000       524.7210000000        99.9090000000      1
      104.9350000000       512.6620000000        65.8060000000      2
      106.7880000000       411.7880000000        80.2500000000      3
      108.4210000000       429.6560000000        88.6980000000      4
      109.5680000000       524.2580000000        98.9270000000      5
      110.7150000000       449.3210000000        94.2040000000      6
      111.8820000000       429.0480000000       101.5000000000      7
      111.9820000000       487.6430000000       111.8500000000      8
      111.8830000000       512.5470000000        78.2550000000      9
      113.7710000000       374.4210000000       112.5190000000     10
      115.5750000000       431.9880000000       118.5520000000     11
      116.0450000000       432.6480000000        78.4120000000     12
      116.1110000000       460.6220000000        83.6620000000     13
      115.8010000000       461.8450000000        51.2520000000     14
      116.4220000000       500.3560000000       124.9660000000     15
      117.0080000000       484.1670000000       125.0530000000     16
      116.9090000000       518.8260000000        96.4440000000     17
      117.5680000000       507.5790000000        69.5590000000     18
      117.9340000000       408.7880000000       118.7430000000     19
      118.5740000000       476.4590000000       106.9790000000     20
      119.1860000000       403.6920000000        82.1870000000     21
      120.4670000000       501.6510000000        98.2530000000     22
      121.9390000000       410.8840000000        88.4930000000     23
      122.0330000000       437.6050000000       118.0520000000     24
      122.4580000000       396.4570000000        85.4080000000     25
      122.5120000000       430.7040000000        99.7860000000     26
      122.3390000000       544.0010000000        86.6480000000     27
      123.7530000000       337.8920000000       102.7340000000     28
      124.9890000000       375.2990000000       101.7510000000     29
      125.3160000000       384.9180000000        82.7260000000     30
      125.0420000000       386.4190000000        92.9630000000     31
      125.3210000000       456.6190000000       106.9650000000     32
      125.7030000000       518.2050000000       119.7050000000     33
      125.8970000000       540.2450000000       102.1650000000     34
      126.0140000000       399.1850000000       115.4380000000     35
      126.6510000000       355.6850000000        77.0530000000     36
      127.4680000000       440.7130000000       118.5650000000     37
      127.9390000000       361.5540000000        97.4300000000     38
      127.7800000000       390.3720000000        82.0470000000     39
      129.9180000000       366.4650000000        73.4590000000     40
      130.1190000000       386.0270000000        80.8080000000     41
      130.5700000000       483.2710000000        96.9610000000     42
      132.0650000000       345.7700000000        77.2970000000     43
      132.1550000000       374.8270000000       107.0410000000     44
      133.2660000000       495.1650000000        57.1370000000     45
      133.1970000000       536.5720000000       119.9750000000     46
      134.6590000000       363.2070000000        91.4790000000     47
      134.9510000000       418.5780000000       110.0250000000     48
      135.2820000000       392.6360000000       104.9600000000     49
      135.4150000000       481.7070000000        94.4010000000     50
      136.1480000000       530.2500000000        69.7990000000     51
      137.8770000000       368.4780000000        65.8880000000     52
      137.7650000000       404.5020000000        71.3370000000     53
      137.6090000000       481.5010000000        53.1360000000     54
      139.7430000000       344.2950000000        65.4550000000     55
      139.6040000000       457.4570000000       120.5850000000     56
      141.2850000000       408.8620000000        32.8680000000     57
      142.0460000000       429.5970000000       113.5830000000     58
      144.3790000000       593.7790000000        85.0820000000     59
      145.4090000000       405.4190000000       102.5890000000     60
      146.1980000000       341.0540000000        83.5170000000     61
      145.9020000000       411.2870000000        32.1560000000     62
      147.4080000000       509.7570000000        59.7370000000     63
      147.8320000000       576.7390000000        81.3080000000     64
      148.7240000000       355.2150000000        33.3290000000     65
      149.2810000000       334.1040000000        68.6300000000     66
      150.2110000000       538.1610000000       102.5140000000     67
      150.7360000000       477.5130000000       113.6440000000     68
      151.3090000000       350.7660000000        87.9070000000     69
      153.3240000000       384.8460000000        92.0400000000     70
      153.7990000000       551.8900000000        82.5910000000     71
      154.1970000000       312.9720000000        67.5870000000     72
      154.9940000000       317.2700000000        73.1540000000     73
      155.6450000000       410.0760000000        42.4650000000     74
      158.0020000000       440.3440000000       110.8730000000     75
      158.0350000000       592.5500000000       115.2760000000     76
      158.4630000000       453.9270000000        41.0240000000     77
      159.1860000000       393.0820000000        96.2030000000     78
      160.0290000000       474.4510000000        90.0640000000     79
      160.4050000000       389.6640000000        85.1640000000     80
      160.9090000000       336.0820000000        91.9510000000     81
      160.6680000000       372.0140000000        98.1320000000     82
      161.6400000000       511.9350000000       108.5220000000     83
      164.0030000000       412.2090000000        96.6600000000     84
      164.1510000000       483.6630000000        39.1620000000     85
      164.8370000000       383.3440000000        45.0080000000     86
      164.8780000000       570.7900000000        74.2750000000     87
      165.1020000000       583.6710000000       100.8900000000     88
      165.4140000000       294.0310000000        89.4050000000     89
      165.9640000000       315.6080000000        81.3990000000     90
      166.8040000000       334.7880000000        85.1990000000     91
      167.7650000000       276.2760000000        86.5900000000     92
      167.7610000000       377.9580000000        45.2750000000     93
      167.5670000000       416.2470000000       105.7440000000     94
      168.5140000000       431.2330000000       101.5080000000     95
      169.9920000000       437.1580000000        95.8480000000     96
      170.7720000000       298.5930000000        70.6660000000     97
      171.4270000000       365.1170000000        23.9840000000     98
      171.4270000000       455.5870000000        95.8600000000     99
      171.5080000000       578.0540000000       102.0830000000    100
      172.3680000000       464.7560000000       105.7080000000    101
      172.1300000000       590.4450000000        67.3870000000    102
      172.8960000000       355.6780000000        18.8380000000    103
      172.5820000000       379.9980000000        95.8210000000    104
      172.6240000000       406.7530000000       102.3520000000    105
      172.7580000000       586.9840000000       114.3340000000    106
      173.1960000000       313.9460000000        61.4920000000    107
      173.0770000000       472.8370000000        41.4370000000    108
      174.5920000000       405.1050000000        93.4550000000    109
      175.3840000000       258.8200000000        88.1600000000    110
      176.4430000000       291.6620000000        64.6940000000    111
      176.7050000000       407.2700000000        49.4330000000    112
      177.1350000000       576.4810000000        69.9340000000    113
      177.9870000000       509.6370000000        54.3430000000    114
      178.8730000000       388.8850000000        74.9220000000    115
      178.9240000000       596.2020000000        65.4260000000    116
      179.3860000000       258.0640000000        61.4500000000    117
      179.8320000000       344.7730000000        79.7220000000    118
      179.6930000000       356.4340000000        18.6500000000    119
      181.3560000000       301.1990000000        55.6400000000    120
      181.5280000000       561.9160000000        57.3360000000    121
      181.8550000000       399.9550000000        26.0030000000    122
      183.7640000000       313.1060000000        46.8720000000    123
      183.9650000000       490.2240000000       100.3420000000    124
      184.3300000000       406.7520000000       101.7780000000    125
      184.8720000000       337.1470000000        81.0360000000    126
      185.3630000000       384.0990000000        30.9470000000    127
      186.4140000000       306.3780000000        89.1560000000    128
      187.3510000000       575.4120000000       124.9970000000    129
      188.3690000000       442.8030000000        97.9630000000    130
      189.1450000000       401.5520000000        24.7430000000    131
      189.8690000000       317.2870000000        87.1830000000    132
      189.8790000000       598.9480000000       112.7440000000    133
      191.1620000000       290.1930000000        53.5170000000    134
      190.9860000000       435.8150000000        30.6340000000    135
      192.1210000000       299.9080000000        82.5070000000    136
      192.1690000000       345.6820000000        88.6000000000    137
      192.9200000000       390.1440000000        88.0030000000    138
      192.8330000000       590.8930000000        61.9110000000    139
      193.2170000000       593.2960000000       125.4750000000    140
      193.6610000000       365.6770000000        91.1500000000    141
      193.4160000000       451.5890000000        33.8400000000    142
      193.3140000000       562.8850000000        60.1670000000    143
      194.2220000000       294.5530000000        46.1590000000    144
      195.4210000000       259.1810000000        80.9290000000    145
      196.3320000000       589.8170000000        95.8170000000    146
      198.1220000000       243.7110000000        54.1320000000    147
      199.3120000000       433.2600000000       101.4090000000    148
      199.7580000000       581.2550000000       105.4250000000    149
      200.3970000000       348.1500000000        88.0920000000    150
      200.3110000000       377.4460000000        85.8990000000    151
      201.4100000000       212.5050000000        87.6670000000    152
      202.7850000000       581.2680000000       118.0640000000    153
      203.6230000000       303.6410000000        86.2910000000    154
      203.7670000000       431.3440000000        97.7810000000    155
      206.3180000000       363.3250000000        93.4580000000    156
      207.0280000000       219.2900000000        74.9850000000    157
      207.4760000000       206.0820000000        73.6360000000    158
      207.7890000000       258.8540000000        80.7230000000    159
      208.7610000000       265.4310000000        69.6400000000    160
      209.2020000000       426.5730000000        88.1390000000    161
      209.4940000000       188.7920000000        62.8850000000    162
      209.6950000000       591.1340000000       111.2890000000    163
      210.5330000000       332.7680000000        23.3600000000    164
      210.9040000000       263.9640000000        79.8390000000    165
      211.5680000000       296.5910000000        65.2840000000    166
      211.6260000000       573.6390000000       111.2120000000    167
      213.7000000000       269.1860000000        69.9720000000    168
      214.3460000000       297.1790000000        84.7460000000    169
      214.4620000000       307.2760000000        55.8480000000    170
      214.0550000000       451.0490000000        69.6290000000    171
      214.1070000000       543.4900000000        97.1160000000    172
      214.7670000000       430.6710000000        27.7890000000    173
      215.0880000000       308.4150000000        79.6850000000    174
      215.1010000000       312.1450000000        59.4590000000    175
      215.7160000000       495.5520000000        38.7620000000    176
      216.2180000000       463.3450000000        63.1260000000    177
      216.0900000000       582.4330000000        61.8030000000    178
      216.3880000000       387.4180000000        92.0740000000    179
      216.3660000000       397.1450000000        19.8610000000    180
      217.9200000000       242.0190000000        63.0690000000    181
      217.7430000000       300.8870000000        15.9780000000    182
      218.5580000000       267.8820000000        81.1380000000    183
      218.4180000000       408.6330000000        88.3820000000    184
      218.1960000000       583.2370000000        50.7850000000    185
      218.1980000000       588.2160000000       108.8670000000    186
      218.9390000000       419.9900000000        64.7460000000    187
      219.1290000000       371.2810000000        48.1130000000    188
      220.6690000000       580.6350000000       120.9230000000    189
      222.2010000000       330.6630000000        14.1410000000    190
      222.8700000000       280.1490000000        79.9260000000    191
      222.8990000000       565.6450000000       111.3360000000    192
      223.8540000000       202.4390000000        65.3470000000    193
      223.8840000000       307.6120000000         9.9520000000    194
      224.1090000000       312.3980000000        18.1570000000    195
      224.1170000000       411.1780000000        75.6370000000    196
      224.3740000000       180.0790000000        66.8700000000    197
      224.4980000000       226.5830000000        50.3680000000    198
      226.2780000000       332.4890000000        76.8510000000    199
      226.9280000000       533.6960000000        99.2060000000    200
      227.6870000000       425.5110000000        62.2820000000    201
      228.4420000000       361.8990000000        53.7760000000    202
      229.6290000000       351.4230000000        83.1090000000    203
      230.5410000000       292.9880000000        28.8320000000    204
      231.0750000000       288.4380000000        73.9000000000    205
      231.4970000000       409.7270000000        83.1120000000    206
      232.6430000000       242.6630000000        39.7270000000    207
      233.7380000000       425.4410000000        46.5330000000    208
      234.0680000000       431.2300000000        89.2530000000    209
      234.2330000000       506.5170000000        65.9640000000    210
      234.3640000000       583.3260000000       124.3570000000    211
      235.6060000000       285.2540000000        10.2580000000    212
      235.9940000000       299.9640000000        65.0410000000    213
      237.3920000000       274.5100000000        74.8800000000    214
      238.3070000000       254.1850000000        33.3340000000    215
      238.1910000000       581.0560000000        80.3660000000    216
      239.0580000000       265.3250000000        81.5240000000    217
      240.6510000000       389.0940000000        76.8640000000    218
      241.6080000000       553.3540000000        35.3050000000    219
      242.1020000000       398.8610000000        77.3000000000    220
      242.8080000000       235.9050000000        41.3160000000    221
      243.4530000000       571.2250000000       107.6260000000    222
      243.4750000000       594.3880000000       125.0060000000    223
      243.7340000000       371.6100000000        11.5370000000    224
      243.8650000000       574.4140000000        40.3860000000    225
      243.8960000000       578.9580000000        40.6590000000    226
      244.0030000000       584.3650000000       123.0030000000    227
      244.1360000000       328.8500000000        73.7000000000    228
      244.7320000000       336.8490000000        73.4060000000    229
      245.0930000000       533.2790000000        94.9040000000    230
      245.3750000000       559.6190000000        60.7700000000    231
      245.6860000000       240.6650000000        32.5610000000    232
      245.6510000000       578.7240000000       119.7760000000    233
      246.8120000000       289.1050000000        76.2760000000    234
      246.9300000000       604.4900000000        95.2990000000    235
      247.8810000000       319.9150000000        60.3950000000    236
      247.9090000000       594.7320000000       100.3140000000    237
      248.2200000000       239.6000000000        77.1420000000    238
      249.2860000000       233.1010000000        49.9980000000    239
      249.4390000000       339.3260000000        51.0920000000    240
      249.7250000000       515.9340000000        94.1610000000    241
      250.1230000000       235.3280000000        39.3850000000    242
      250.2170000000       532.1230000000        34.4490000000    243
      250.7220000000       190.4550000000        72.0800000000    244
      250.7300000000       269.3110000000        23.6960000000    245
      250.7070000000       596.7550000000        94.7530000000    246
      251.3750000000       338.9700000000        63.4210000000    247
      251.2440000000       373.1100000000        70.2440000000    248
      252.2860000000       605.2210000000        50.5530000000    249
      253.6320000000       211.8230000000        80.5060000000    250
      256.2630000000       185.2020000000        56.2780000000    251
      256.1160000000       220.9750000000        51.2830000000    252
      256.1780000000       262.2920000000        32.7820000000    253
      256.3130000000       306.4280000000         6.3900000000    254
      257.2170000000       234.1410000000        38.4870000000    255
      257.5980000000       208.7940000000        78.0950000000    256
      258.1080000000       229.2830000000        78.2740000000    257
      258.2910000000       297.8110000000        50.0990000000    258
      258.0310000000       556.3910000000       101.5020000000    259
      259.5630000000       382.9110000000        13.4050000000    260
      259.6620000000       483.2930000000        26.5000000000    261
      259.6760000000       627.5080000000        70.9550000000    262
      259.7600000000       302.3110000000        77.5900000000    263
      260.0580000000       375.6710000000        73.6760000000    264
      260.3140000000       353.2320000000        79.1440000000    265
      261.1550000000       222.5790000000        36.5910000000    266
      261.5710000000       259.8590000000        73.3190000000    267
      261.5500000000       326.6400000000        56.4830000000    268
      262.1780000000       220.1040000000        49.8970000000    269
      262.3570000000       387.5290000000         8.6000000000    270
      262.4610000000       572.5720000000        98.7270000000    271
      263.0260000000       200.3260000000        77.2420000000    272
      264.1100000000       169.6990000000        45.0980000000    273
      264.4720000000       327.6560000000        13.5300000000    274
      264.7290000000       602.8930000000        83.3730000000    275
      265.7290000000       613.1810000000       120.4290000000    276
      266.3920000000       244.3700000000        75.1650000000    277
      266.6970000000       585.6740000000       102.9360000000    278
      267.3170000000       292.6360000000        73.0620000000    279
      267.0970000000       354.5630000000        80.0140000000    280
      267.1250000000       594.5910000000       112.5000000000    281
      268.7930000000       161.0750000000        50.9320000000    282
      269.2850000000       559.9800000000        93.1710000000    283
      269.3710000000       593.7550000000        91.1730000000    284
      269.4140000000       297.3270000000        67.6270000000    285
      269.5720000000       388.1820000000         7.4360000000    286
      270.6690000000       190.6330000000        78.6500000000    287
      270.7070000000       227.0440000000        31.2450000000    288
      271.1770000000       530.2210000000       103.6830000000    289
      270.9060000000       544.8810000000        82.4010000000    290
      271.6660000000       590.7690000000       113.5700000000    291
      271.9500000000       339.3960000000         9.7700000000    292
      271.8930000000       528.0320000000        31.8920000000    293
      272.4440000000       306.0880000000        23.7260000000    294
      272.3540000000       494.2000000000        32.9470000000    295
      272.4820000000       548.0840000000        60.1670000000    296
      273.4680000000       249.8940000000        72.7280000000    297
      274.2310000000       367.4670000000        65.4120000000    298
      274.6720000000       239.3090000000        12.5730000000    299
      276.3580000000       301.4860000000        21.3610000000    300
      276.3690000000       608.5930000000       106.6640000000    301
      276.7810000000       208.3930000000        44.2970000000    302
      276.7890000000       232.9650000000        79.8610000000    303
      277.3920000000       186.7110000000        56.5200000000    304
      277.4680000000       288.0370000000        79.1010000000    305
      278.3890000000       239.1940000000        70.1560000000    306
      278.5040000000       611.2000000000        78.0990000000    307
      278.6930000000       251.5400000000         8.6640000000    308
      279.2960000000       521.0440000000        29.6480000000    309
      279.2900000000       621.2130000000        72.6350000000    310
      279.4150000000       625.2670000000       113.4800000000    311
      279.9730000000       358.8040000000        39.8820000000    312
      280.1450000000       516.3550000000        99.6370000000    313
      280.2170000000       540.1820000000        87.5320000000    314
      281.5740000000       344.5820000000         8.5470000000    315
      281.8410000000       244.2400000000        83.7040000000    316
      281.8720000000       585.3640000000        45.9370000000    317
      282.5850000000       520.7810000000       104.6790000000    318
      283.4140000000       252.8180000000        20.0860000000    319
      284.0500000000       549.8620000000       100.4760000000    320
      284.0800000000       592.6620000000        49.5110000000    321
      285.3130000000       598.0860000000       106.7730000000    322
      285.8960000000       327.4570000000        74.6290000000    323
      286.7390000000       331.6590000000         6.6440000000    324
      286.7200000000       497.4220000000        78.9270000000    325
      287.2260000000       272.4640000000        82.9170000000    326
      287.1250000000       332.0010000000        81.5440000000    327
      287.1180000000       366.3750000000        20.4580000000    328
      287.6600000000       214.6660000000        82.8530000000    329
      287.8460000000       529.8570000000        83.1930000000    330
      289.1440000000       231.7060000000        78.7870000000    331
      288.8290000000       280.8950000000        77.8790000000    332
      288.9430000000       303.2990000000        41.5010000000    333
      288.8010000000       376.8900000000        18.2200000000    334
      289.9850000000       197.6970000000        77.0270000000    335
      291.3210000000       187.8980000000        65.5200000000    336
      291.9190000000       254.8420000000         7.4290000000    337
      292.1540000000       598.3310000000        70.2020000000    338
      294.2040000000       372.4640000000        52.7320000000    339
      294.0600000000       591.2980000000        75.4200000000    340
      294.2910000000       273.9350000000        75.3450000000    341
      294.7790000000       499.2110000000        23.3860000000    342
      295.0280000000       546.9410000000        97.4730000000    343
      295.5870000000       327.6890000000        75.6690000000    344
      295.8800000000       572.9730000000       101.4290000000    345
      296.1760000000       265.6860000000        11.3980000000    346
      297.9390000000       251.1480000000        81.2120000000    347
      297.6840000000       274.6150000000         5.1070000000    348
      298.1700000000       505.6320000000        24.0000000000    349
      298.2510000000       519.6080000000        85.8350000000    350
      298.4680000000       173.6920000000         9.6310000000    351
      298.6650000000       581.7620000000       105.0100000000    352
      298.8010000000       593.8110000000        95.1070000000    353
      301.5660000000       584.0290000000        59.8780000000    354
      302.3770000000       214.1000000000        57.2950000000    355
      303.1280000000       201.7520000000        36.4620000000    356
      304.6000000000       199.8590000000        16.9110000000    357
      304.4400000000       556.7070000000        32.6420000000    358
      304.4880000000       561.8910000000        95.1830000000    359
      305.2820000000       246.8590000000        76.1550000000    360
      305.0100000000       339.7470000000        55.6560000000    361
      305.8470000000       224.0640000000        43.2720000000    362
      306.4690000000       487.6950000000        79.3290000000    363
      306.7270000000       602.6860000000        85.5950000000    364
      306.8410000000       317.1000000000        65.6560000000    365
      307.4300000000       357.1130000000        13.4790000000    366
      308.0450000000       601.5890000000        69.1020000000    367
      309.1520000000       542.8620000000        96.7300000000    368
      309.6810000000       547.7420000000        97.4470000000    369
      310.0270000000       540.6340000000        78.8190000000    370
      311.3740000000       265.7770000000        40.9210000000    371
      311.9980000000       246.2910000000        82.7320000000    372
      312.3840000000       543.6100000000        25.7020000000    373
      313.8230000000       519.9730000000        97.5030000000    374
      314.5680000000       204.1110000000        40.7230000000    375
      314.2240000000       480.2660000000        22.1020000000    376
      314.5200000000       586.4480000000       103.2220000000    377
      315.7660000000       266.2360000000        79.2950000000    378
      315.6490000000       497.7160000000        88.4460000000    379
      317.2900000000       206.6980000000        73.6520000000    380
      317.1900000000       463.5760000000        29.6110000000    381
      317.1770000000       477.6590000000        72.2320000000    382
      317.6960000000       297.5470000000         5.8070000000    383
      318.5910000000       189.2180000000         8.6340000000    384
      318.4050000000       584.2210000000        33.0380000000    385
      319.6140000000       225.5930000000        11.7710000000    386
      319.4490000000       467.9880000000        26.3820000000    387
      320.0870000000       291.2760000000        75.0820000000    388
      320.2530000000       312.5150000000        52.1130000000    389
      320.3370000000       474.7360000000        75.8820000000    390
      320.4430000000       611.5760000000       106.9170000000    391
      320.8550000000       534.2600000000        90.4470000000    392
      322.4180000000       209.5530000000        33.9000000000    393
      322.6640000000       262.6490000000        31.0420000000    394
      323.0760000000       592.5440000000        38.0430000000    395
      323.3660000000       599.5340000000        84.9360000000    396
      323.8480000000       239.7970000000        84.3420000000    397
      324.0630000000       306.9890000000        11.3250000000    398
      324.3590000000       225.4000000000        11.4780000000    399
      326.0600000000       324.2860000000        15.3600000000    400
      326.7290000000       544.0040000000        21.8360000000    401
      326.6230000000       570.2570000000       100.0700000000    402
      327.1770000000       537.6020000000        20.5010000000    403
      327.8730000000       300.0520000000         8.6430000000    404
      328.2720000000       242.2530000000         7.2000000000    405
      328.1880000000       439.0020000000        43.4020000000    406
      328.7290000000       197.5120000000        71.3530000000    407
      329.5870000000       247.4840000000         8.4670000000    408
      329.9450000000       447.1470000000        53.4060000000    409
      330.5450000000       514.6220000000        81.0860000000    410
      331.4790000000       196.2170000000        19.0180000000    411
      331.2810000000       564.8050000000        99.9190000000    412
      331.8300000000       490.6980000000        14.0500000000    413
      333.0000000000       228.5750000000        42.4590000000    414
      334.2530000000       481.7410000000        16.9840000000    415
      335.9000000000       192.3740000000        61.5570000000    416
      336.1900000000       451.0060000000        24.1470000000    417
      336.1340000000       561.8570000000        43.7930000000    418
      336.8500000000       148.3740000000        13.0380000000    419
      336.9420000000       520.4460000000        84.5780000000    420
      337.5640000000       295.3270000000        57.9000000000    421
      339.5380000000       204.6540000000        78.3060000000    422
      340.1870000000       236.2850000000        21.5080000000    423
      340.1070000000       527.2310000000        88.4010000000    424
      341.2130000000       239.6540000000         6.0620000000    425
      342.4520000000       204.5180000000        32.4260000000    426
      342.8430000000       515.3060000000        38.3910000000    427
      342.7720000000       530.5940000000        19.5630000000    428
      343.5220000000       180.0220000000        62.5380000000    429
      343.4720000000       454.4090000000        15.3480000000    430
      344.0630000000       198.9670000000        12.1710000000    431
      343.9350000000       512.7090000000        13.2490000000    432
      344.6870000000       279.0570000000        11.8060000000    433
      344.6200000000       556.8190000000        82.0100000000    434
      345.1450000000       287.1380000000         7.7870000000    435
      345.4760000000       524.7760000000        79.4480000000    436
      346.6570000000       565.0080000000        89.5240000000    437
      347.2040000000       571.2440000000        79.9860000000    438
      347.4510000000       216.6080000000        37.0130000000    439
      347.6640000000       229.8900000000        72.8520000000    440
      349.3590000000       499.6180000000        79.4100000000    441
      350.6190000000       548.3250000000        50.5750000000    442
      351.4060000000       183.8520000000        60.4390000000    443
      351.0290000000       271.3270000000        46.2160000000    444
      351.0520000000       442.8490000000        38.0700000000    445
      352.1620000000       257.7290000000        69.0120000000    446
      352.5590000000       520.6650000000        75.1100000000    447
      353.4070000000       190.3830000000        50.6120000000    448
      353.8100000000       216.0690000000         8.6560000000    449
      358.1120000000       219.1740000000        41.4740000000    450
      358.1040000000       587.9450000000        79.3800000000    451
      359.0860000000       508.6580000000        78.3560000000    452
      359.1990000000       592.4210000000       100.3340000000    453
      359.4240000000       216.0610000000         8.1770000000    454
      359.4810000000       533.6970000000        59.0740000000    455
      360.5560000000       258.3760000000        57.2430000000    456
      362.0850000000       557.9760000000        86.0060000000    457
      361.7150000000       579.8480000000        94.0350000000    458
      361.8910000000       587.1350000000        94.9690000000    459
      363.2920000000       178.0310000000        39.1460000000    460
      363.3180000000       443.5910000000        61.6780000000    461
      365.4860000000       430.1060000000        52.8850000000    462
      366.7850000000       576.6780000000        55.3820000000    463
      367.8300000000       513.8350000000        34.6980000000    464
      368.7920000000       215.1130000000         8.7040000000    465
      368.8730000000       552.2350000000        66.0050000000    466
      369.7840000000       513.3580000000        80.7700000000    467
      369.6130000000       562.8320000000        61.0840000000    468
      370.1600000000       459.5320000000        69.5040000000    469
      370.1910000000       503.7700000000        73.1930000000    470
      370.9520000000       261.3940000000         6.0280000000    471
      371.7570000000       157.8330000000         3.0720000000    472
      372.8210000000       455.4170000000        69.0920000000    473
      372.8770000000       478.4040000000        74.9660000000    474
      373.7780000000       487.7930000000        25.7800000000    475
      375.3170000000       449.2060000000        70.5320000000    476
      375.4000000000       466.6190000000         6.9360000000    477
      375.5590000000       526.5790000000        13.0200000000    478
      376.5740000000       273.8270000000         8.2850000000    479
      378.0660000000       169.1570000000        11.9300000000    480
      378.4020000000       233.0840000000        54.7660000000    481
      378.3810000000       537.0250000000        81.8120000000    482
      380.8730000000       175.7080000000        22.1270000000    483
      380.6530000000       243.1690000000         7.0660000000    484
      380.8270000000       425.1130000000        15.5830000000    485
      380.7180000000       526.1050000000        72.1090000000    486
      380.7880000000       560.0990000000        92.4240000000    487
      381.0240000000       182.4310000000        37.1110000000    488
      381.2130000000       549.4650000000        83.2700000000    489
      381.0020000000       582.1410000000        58.4340000000    490
      382.7310000000       466.0210000000         7.2870000000    491
      383.1750000000       510.4560000000        18.3400000000    492
      383.8380000000       175.0800000000        56.9390000000    493
      383.8010000000       501.7950000000        70.2680000000    494
      383.8580000000       570.4810000000        72.2520000000    495
      384.9490000000       409.3980000000        16.0820000000    496
      385.0700000000       481.5790000000        70.1400000000    497
      385.3730000000       212.4940000000        50.1030000000    498
      386.4950000000       244.5920000000        11.3510000000    499
      387.9770000000       509.5870000000        16.5040000000    500
      390.1280000000       187.5550000000        45.0520000000    501
      389.9700000000       194.2260000000         6.7680000000    502
      389.8570000000       255.9420000000        40.9570000000    503
      389.8370000000       535.7290000000        75.2070000000    504
      390.6690000000       175.1470000000        18.8460000000    505
      390.4500000000       573.4250000000        73.3190000000    506
      391.1160000000       241.4040000000        11.4160000000    507
      391.9500000000       473.4030000000        44.2420000000    508
      393.4130000000       522.7210000000        44.8480000000    509
      393.8960000000       432.7500000000        57.3220000000    510
      394.1040000000       161.6980000000        12.6930000000    511
      395.0730000000       423.8860000000         9.8700000000    512
      395.4580000000       209.1500000000         5.9890000000    513
      396.5150000000       533.8580000000        62.4150000000    514
      398.1470000000       170.8360000000        24.8980000000    515
      399.2670000000       477.8420000000        68.0840000000    516
      399.8090000000       556.1770000000        53.9990000000    517
      403.2440000000       456.0040000000        67.9380000000    518
      403.1540000000       525.1360000000        32.2620000000    519
      405.3430000000       409.7750000000         8.9110000000    520
      406.5320000000       546.9190000000        47.2200000000    521
      406.9880000000       572.1090000000        69.6800000000    522
      408.1780000000       258.8870000000        13.7160000000    523
      407.7830000000       578.1200000000        76.7000000000    524
      408.3250000000       226.9880000000        11.7540000000    525
      409.1050000000       377.3060000000        29.6340000000    526
      410.8580000000       537.6110000000        77.6960000000    527
      412.0000000000       477.0690000000        32.7310000000    528
      412.8120000000       415.3470000000         9.6550000000    529
      413.1390000000       125.8520000000        11.3050000000    530
      414.4250000000       420.8470000000        55.3040000000    531
      414.6330000000       470.5200000000        71.7360000000    532
      416.2070000000       456.9230000000        62.1180000000    533
      416.0660000000       460.8830000000        36.8180000000    534
      416.7170000000       461.2700000000        73.0310000000    535
      416.6410000000       526.4940000000        76.2500000000    536
      417.5000000000       136.2630000000        13.9990000000    537
      419.2980000000       400.7200000000        12.9820000000    538
      419.5810000000       425.3710000000        39.9050000000    539
      421.0910000000       567.2190000000        80.6950000000    540
      422.0770000000       546.0720000000        44.2400000000    541
      423.2830000000       125.5510000000        21.8070000000    542
      423.1430000000       166.2090000000         7.5150000000    543
      424.1880000000       222.2710000000        14.9090000000    544
      424.0720000000       445.2060000000        39.5180000000    545
      425.4900000000       473.1870000000         7.9760000000    546
      428.3770000000       501.0670000000        14.6120000000    547
      428.6780000000       476.6810000000        56.5680000000    548
      429.1580000000       452.5460000000        72.9800000000    549
      429.5920000000       462.0440000000         9.2780000000    550
      429.7630000000       498.6710000000        50.8990000000    551
      430.5610000000       393.3940000000         9.5500000000    552
      430.6510000000       396.3860000000        53.4760000000    553
      432.1090000000       489.7680000000        23.6790000000    554
      432.1020000000       492.8180000000        65.1250000000    555
      432.6100000000       485.2100000000        76.5140000000    556
      433.0990000000       530.6470000000        72.4150000000    557
      434.8240000000        89.5210000000        20.5430000000    558
      434.6090000000       123.3480000000        12.3130000000    559
      434.7200000000       462.4860000000        65.4170000000    560
      435.7040000000       118.7240000000        11.5350000000    561
      435.7960000000       180.0160000000        10.4210000000    562
      437.2690000000       404.3800000000        32.7140000000    563
      437.6050000000       542.8120000000        66.0590000000    564
      438.1900000000       515.0820000000        11.0960000000    565
      438.2900000000       548.0910000000        67.3210000000    566
      439.0590000000       387.3340000000         6.5530000000    567
      439.0930000000       442.3210000000        66.9080000000    568
      439.2200000000       508.8860000000        66.8230000000    569
      440.0490000000       496.5840000000        25.2000000000    570
      440.4350000000       529.6720000000        33.4510000000    571
      441.4430000000       123.4480000000        37.4360000000    572
      441.4580000000       427.3070000000        71.1630000000    573
      442.1960000000        81.1980000000        14.2950000000    574
      443.8500000000       208.6900000000        11.0720000000    575
      443.9880000000       400.9170000000        34.5780000000    576
      443.8490000000       434.3400000000        63.3620000000    577
      444.9520000000       265.8430000000        11.4630000000    578
      445.0110000000       503.0030000000        71.1570000000    579
      445.9510000000       104.9250000000        28.0450000000    580
      447.2440000000       461.5780000000        69.1490000000    581
      450.5720000000       385.8560000000         7.6540000000    582
      450.1990000000       444.7780000000        10.2820000000    583
      450.6080000000       472.2290000000         8.5080000000    584
      451.4830000000       370.6230000000        12.8210000000    585
      452.1490000000       521.9110000000        38.8820000000    586
      452.6850000000       410.5540000000        36.6060000000    587
      452.9270000000       413.3490000000        66.8270000000    588
      454.2410000000       419.8300000000        65.8710000000    589
      455.2230000000        40.5130000000         9.9750000000    590
      455.4100000000       350.0480000000        19.3770000000    591
      457.4060000000        91.8520000000        14.1270000000    592
      457.1460000000       106.5270000000        34.5670000000    593
      458.4650000000       531.5620000000        60.1490000000    594
      459.0270000000       138.3610000000         8.4930000000    595
      460.1230000000       556.8620000000        59.1400000000    596
      461.6580000000       142.2630000000         8.6470000000    597
      461.6090000000       514.0110000000        76.6460000000    598
      461.6610000000       541.0750000000        47.2250000000    599
      462.0130000000       127.7840000000         7.4820000000    600
      461.8310000000       444.7750000000        68.4040000000    601
      463.1740000000       438.3480000000        25.0920000000    602
      463.7770000000       477.8700000000        75.4160000000    603
      464.8730000000       100.2800000000        20.4340000000    604
      465.2280000000       183.3210000000        11.5240000000    605
      465.0550000000       401.0890000000        33.3460000000    606
      465.7410000000       362.0520000000        17.8150000000    607
      465.4890000000       421.5860000000        61.3850000000    608
      465.5570000000       441.7210000000        59.2150000000    609
      467.1330000000        86.2590000000        12.7310000000    610
      467.1870000000       452.7820000000        59.5450000000    611
      466.9820000000       472.4160000000        60.5780000000    612
      467.0740000000       555.6750000000        78.4270000000    613
      468.5440000000        11.4030000000         7.7500000000    614
      468.4620000000       208.2500000000        18.5990000000    615
      468.2790000000       434.5980000000        22.2800000000    616
      468.3470000000       510.0070000000        63.9870000000    617
      468.7920000000       471.3510000000        30.1680000000    618
      468.7080000000       495.6000000000        76.1590000000    619
      471.7380000000       463.2950000000        21.0440000000    620
      472.2650000000       441.6710000000        49.0380000000    621
      471.9550000000       489.8330000000        54.0020000000    622
      472.9120000000        61.4060000000         9.5390000000    623
      473.4740000000        72.3640000000        12.8150000000    624
      473.2990000000       392.7310000000         7.5720000000    625
      474.3260000000       426.8100000000        67.1590000000    626
      474.2370000000       441.8470000000         3.6390000000    627
      476.3960000000       504.2130000000        35.2220000000    628
      476.8040000000       452.5430000000        50.6510000000    629
      476.8700000000       457.4430000000        28.0380000000    630
      476.6140000000       483.1020000000        27.5820000000    631
      478.8640000000       514.6840000000        50.7980000000    632
      479.4350000000        23.0960000000        12.4430000000    633
      479.8610000000        39.7010000000        12.9150000000    634
      479.7640000000       397.2110000000         7.2200000000    635
      479.9980000000       441.9200000000        51.6640000000    636
      481.4750000000       118.6600000000         8.9340000000    637
      482.9510000000       396.9910000000        59.2180000000    638
      483.7900000000       465.1050000000        72.9760000000    639
      483.9470000000       422.7490000000        65.3180000000    640
      484.1180000000       462.0750000000        61.0200000000    641
      484.8650000000       133.5560000000         8.6530000000    642
      485.1130000000       351.9190000000        13.4900000000    643
      485.5230000000       459.2200000000         5.3900000000    644
      485.9890000000        84.1660000000        34.1680000000    645
      486.0440000000       345.8510000000        14.2650000000    646
      485.8510000000       503.6850000000        56.4900000000    647
      488.1860000000       122.0190000000        19.7510000000    648
      488.2350000000       136.9870000000         7.8640000000    649
      491.7780000000       356.4760000000        34.9790000000    650
      492.0400000000       517.7330000000        56.2260000000    651
      492.6760000000       506.7070000000        48.4370000000    652
      492.9990000000       530.7390000000        78.4100000000    653
      493.7110000000       472.5660000000        74.8660000000    654
      494.0600000000       488.5290000000        31.3650000000    655
      495.9820000000        90.5990000000        12.4120000000    656
      496.9070000000       118.5310000000         9.4820000000    657
      500.6850000000       114.7150000000         9.2430000000    658
      501.5830000000       500.7900000000        49.9260000000    659
      502.1900000000       353.5700000000        45.1020000000    660
      503.8620000000        97.1460000000         8.1540000000    661
      503.9140000000       135.3890000000        16.8100000000    662
      503.7520000000       414.2360000000        69.6180000000    663
      504.9480000000        20.5860000000        17.0510000000    664
      505.1380000000       506.7310000000        69.7600000000    665
      505.6800000000       472.5580000000        65.0310000000    666
      506.7190000000       469.8500000000        29.4640000000    667
      506.8950000000       479.5190000000        33.9740000000    668
      508.1170000000       499.1310000000        59.8390000000    669
      508.8060000000       304.7770000000        13.5040000000    670
      509.4130000000        48.1600000000        35.7960000000    671
      509.6010000000       352.6290000000        44.4750000000    672
      509.4970000000       421.4920000000        54.0390000000    673
      509.8940000000       442.9680000000        72.5300000000    674
      509.7530000000       481.1970000000        52.1720000000    675
      509.8110000000       504.2050000000        59.5080000000    676
      510.3090000000       423.4090000000        10.5660000000    677
      511.9070000000       543.8050000000        59.6260000000    678
      512.9150000000       307.6840000000        15.8030000000    679
      512.6600000000       474.5550000000        50.0610000000    680
      513.5300000000       331.4490000000        19.1340000000    681
      513.8980000000       357.1770000000        43.5120000000    682
      514.6660000000        71.3470000000         6.8250000000    683
      515.2890000000       451.5350000000        26.4100000000    684
      515.4460000000       499.4220000000        74.1540000000    685
      520.5070000000       385.5740000000        33.7270000000    686
      520.8910000000        77.4390000000         6.7870000000    687
      521.1410000000       392.0650000000         6.5510000000    688
      521.3790000000       429.4080000000        20.8730000000    689
      522.9060000000       404.6170000000        16.2240000000    690
      523.9280000000       259.4300000000        12.0960000000    691
      523.8790000000       401.3570000000         7.8450000000    692
      524.9610000000       335.8790000000         7.1550000000    693
      526.0760000000       440.8850000000        43.5860000000    694
      526.9060000000       377.4240000000        20.9730000000    695
      527.1540000000       470.9080000000        60.1650000000    696
      528.3630000000       432.5460000000        66.4810000000    697
      528.5160000000       450.2980000000        33.0490000000    698
      531.2900000000       143.0080000000         8.0110000000    699
      532.0850000000       421.8450000000        71.8690000000    700
      532.6520000000       349.9620000000        45.5470000000    701
      532.8780000000       421.6570000000         9.6970000000    702
      534.0210000000       461.8280000000        64.6180000000    703
      535.2750000000       318.0620000000         4.3470000000    704
      535.0900000000       381.5880000000         5.7250000000    705
      535.8390000000       472.9570000000        63.8510000000    706
      536.1170000000       329.8480000000         8.2850000000    707
      536.1820000000       411.5150000000        67.3830000000    708
      536.8280000000       493.5010000000        50.5520000000    709
      538.9910000000       375.5260000000        26.4680000000    710
      539.3400000000        95.3750000000        13.3870000000    711
      541.6280000000       515.1040000000        58.1820000000    712
      542.3360000000       362.4870000000        35.0900000000    713
      542.2030000000       434.8790000000        56.5910000000    714
      542.6590000000       344.4190000000        43.4560000000    715
      546.4220000000        66.8640000000        14.3960000000    716
      546.9630000000       365.1580000000        30.5990000000    717
      549.1910000000       395.6320000000        10.7960000000    718
      549.3290000000       402.3370000000        61.9410000000    719
      549.6710000000       384.8520000000        49.5010000000    720
      549.4300000000       419.7210000000        54.2050000000    721
      550.3830000000       361.7640000000        33.9060000000    722
      551.2830000000       467.4630000000        53.4430000000    723
      552.2390000000       414.0330000000        46.0860000000    724
      556.1350000000       308.9490000000        29.5270000000    725
      557.1690000000       376.0870000000        33.4250000000    726
      557.9230000000       369.0660000000        48.7410000000    727
      560.4830000000       385.3110000000        34.5240000000    728
      560.8060000000       449.4800000000        10.2670000000    729
      563.5750000000       397.4260000000        54.7890000000    730
      565.3540000000       349.5800000000        28.1270000000    731
      565.6470000000       304.8680000000         9.3210000000    732
      565.9400000000       378.1390000000        57.5070000000    733
      572.7720000000       289.7800000000        24.5360000000    734
      572.9640000000       341.6330000000        31.6040000000    735
      573.8040000000       357.7060000000        12.7270000000    736
      573.3630000000       475.0130000000        46.5420000000    737
      574.5980000000       286.6720000000        21.2920000000    738
      575.7030000000       317.2880000000        41.2140000000    739
      580.6120000000       386.6710000000        11.9610000000    740
      582.0870000000       341.5470000000        54.7260000000    741
      583.2240000000       436.9070000000         9.6960000000    742
      591.2190000000       346.9660000000         8.5660000000    743
      596.1120000000       300.1940000000         7.7400000000    744
      597.0340000000       408.0950000000        13.3950000000    745
      597.8390000000       338.7450000000        23.6190000000    746
      601.0560000000       341.2670000000         6.8280000000    747
      603.3040000000       302.1300000000         7.2850000000    748
      607.4750000000       262.4610000000         5.9190000000    749
      608.2030000000       263.9910000000        26.7700000000    750
      612.2470000000       173.1690000000         3.7440000000    751
      614.3680000000       315.0800000000        38.4190000000    752
      618.3970000000       330.9140000000        22.7860000000    753
      619.5530000000       263.4160000000        16.6550000000    754
      625.2950000000       254.0470000000         9.6420000000    755
      629.5470000000       346.6270000000        16.4070000000    756
      630.7160000000       231.2270000000        18.5560000000    757
      631.5310000000       261.5700000000         8.9440000000    758
      632.0330000000       268.9950000000        14.5520000000    759
      633.5690000000       194.1460000000         8.1000000000    760
      635.9150000000       236.5570000000        19.6530000000    761
      641.1730000000       322.2750000000        19.4460000000    762
      643.8210000000       257.9830000000        10.9920000000    763
      650.0450000000       292.1110000000        37.9880000000    764
      667.0530000000       261.1100000000        24.6440000000    765
      670.5370000000       255.9220000000        29.4520000000    766
      677.9010000000       293.4990000000        16.8880000000    767
      678.0700000000       248.7740000000        28.2670000000    768
      681.5640000000       232.2300000000         7.3930000000    769
      684.8040000000       260.7770000000        17.2080000000    770
      686.3100000000       254.5120000000         8.9680000000    771
      690.2740000000       289.9360000000        13.3960000000    772
      701.6880000000       258.5110000000        26.8860000000    773
      703.9920000000       268.5310000000        11.5540000000    774
      126.7910000000       437.3030000000        46.4240000000    775
      149.7780000000       471.0050000000        97.7610000000    776
      247.0280000000       223.6950000000        79.5370000000    777
      253.2700000000       578.9740000000        94.5590000000    778
      255.1780000000       401.6320000000        31.5860000000    779
      359.4450000000       301.8900000000         8.9100000000    780
      373.0340000000       252.0270000000        33.7190000000    781
      423.2140000000       462.5700000000        27.0340000000    782
      428.4430000000       514.7230000000        75.5530000000    783
      551.5330000000       356.4690000000         7.0160000000    784
      656.3910000000       270.3210000000         7.1520000000    785
