       71.7630000000       427.5330000000       126.4040000000      0
       83.0910000000       320.3060000000       125.4970000000      1
       83.5120000000       371.7730000000       108.6650000000      2
       84.1950000000       437.9970000000        88.4280000000      3
       88.8370000000       403.6540000000       129.9510000000      4
       92.3310000000       401.9220000000       140.0680000000      5
       92.4220000000       403.1700000000       116.6480000000      6
       95.9120000000       417.6570000000        71.3540000000      7
       96.7260000000       334.8920000000       123.3110000000      8
       98.6110000000       503.6240000000       134.9540000000      9
       99.5850000000       325.4600000000       103.7100000000     10
       99.4590000000       349.9410000000        94.5390000000     11
      100.5880000000       347.2200000000       106.9600000000     12
      103.5060000000       278.8120000000        94.0710000000     13
      103.6790000000       365.5180000000       106.3920000000     14
      104.4790000000       324.7440000000       102.4990000000     15
      104.5200000000       404.2210000000       129.7350000000     16
      104.8650000000       401.3580000000        87.9100000000     17
      106.7560000000       333.7850000000       109.3730000000     18
      108.3330000000       410.5550000000        57.1090000000     19
      109.0410000000       320.8530000000        85.0300000000     20
      110.6670000000       378.0350000000       122.1560000000     21
      111.3270000000       319.8580000000       109.0510000000     22
      111.5940000000       355.1000000000        73.5640000000     23
      112.0770000000       427.8730000000        71.5140000000     24
      111.6460000000       498.6870000000       108.7340000000     25
      112.8850000000       414.8460000000        87.2340000000     26
      113.3380000000       333.5480000000       119.4760000000     27
      115.2950000000       310.3290000000       121.2260000000     28
      115.6190000000       366.5270000000       120.8090000000     29
      116.3260000000       497.8270000000       139.0270000000     30
      117.3280000000       386.6980000000       127.1650000000     31
      118.4860000000       426.1950000000        87.7880000000     32
      118.5480000000       371.6170000000       114.2240000000     33
      119.3030000000       378.8090000000        73.8870000000     34
      119.1920000000       450.9720000000        76.3080000000     35
      119.5740000000       403.2380000000       124.5400000000     36
      120.1960000000       427.3860000000        72.2580000000     37
      121.0570000000       324.1820000000       119.5550000000     38
      121.4810000000       351.6180000000        93.2590000000     39
      122.3550000000       397.7530000000       120.1450000000     40
      123.3900000000       426.3780000000        82.3110000000     41
      123.9870000000       334.7540000000       115.7600000000     42
      124.2560000000       381.7740000000       101.0570000000     43
      125.1130000000       289.7990000000       105.3750000000     44
      125.3910000000       339.0480000000       100.9020000000     45
      125.2820000000       472.0880000000        75.8180000000     46
      126.5640000000       277.7270000000       107.5830000000     47
      127.0830000000       315.0040000000       120.2480000000     48
      127.1260000000       486.2860000000        82.2260000000     49
      127.6710000000       356.9010000000       114.5450000000     50
      127.9070000000       447.4450000000        91.1450000000     51
      128.6500000000       481.8520000000       114.8130000000     52
      128.8320000000       299.7840000000        90.3270000000     53
      129.8070000000       411.1920000000        67.9520000000     54
      130.1600000000       423.7620000000       101.0410000000     55
      131.1750000000       453.7420000000        82.5970000000     56
      131.4960000000       305.9820000000       101.6550000000     57
      131.5440000000       318.6680000000       104.4940000000     58
      132.2100000000       349.5980000000       116.5390000000     59
      133.1660000000       333.7780000000        89.7210000000     60
      133.0950000000       385.5910000000       117.2860000000     61
      133.6370000000       469.8240000000        96.2860000000     62
      134.4930000000       339.9960000000        71.1380000000     63
      134.5950000000       396.5820000000        63.6610000000     64
      134.9080000000       407.3630000000       102.3800000000     65
      135.6470000000       381.5670000000        54.7210000000     66
      136.0540000000       410.1680000000        66.8090000000     67
      136.4650000000       342.2090000000       107.0140000000     68
      136.1440000000       494.4320000000       124.9490000000     69
      136.8080000000       339.4830000000        95.5470000000     70
      136.5500000000       368.1180000000       109.4450000000     71
      137.1430000000       491.2860000000       113.6870000000     72
      137.7350000000       266.1470000000        99.7010000000     73
      138.2650000000       312.4230000000        87.8780000000     74
      138.5020000000       340.7530000000        48.1060000000     75
      139.5710000000       289.4440000000       105.9330000000     76
      140.9160000000       326.4500000000       109.5230000000     77
      140.9470000000       408.8230000000        68.5410000000     78
      141.1380000000       502.0650000000       131.1960000000     79
      141.5040000000       367.9880000000       108.5910000000     80
      142.1740000000       365.2810000000        38.5730000000     81
      142.6650000000       316.5550000000       102.3240000000     82
      142.9970000000       513.0190000000       121.9350000000     83
      143.5350000000       263.5320000000        86.9260000000     84
      144.1730000000       448.5630000000        67.1760000000     85
      144.6300000000       237.6500000000       106.7520000000     86
      144.9210000000       470.2440000000        48.6200000000     87
      145.6200000000       482.6940000000       119.9400000000     88
      146.2160000000       279.7490000000       102.0150000000     89
      145.8630000000       324.4670000000        90.4090000000     90
      146.6470000000       232.4300000000        89.1880000000     91
      147.8560000000       298.0000000000       100.5890000000     92
      147.6770000000       425.8730000000        64.1860000000     93
      148.7080000000       336.5850000000       105.4870000000     94
      149.2090000000       237.6050000000       106.4180000000     95
      149.3170000000       404.9110000000        59.8750000000     96
      149.6100000000       286.5850000000        83.2200000000     97
      150.3800000000       276.0380000000       110.2870000000     98
      150.6040000000       322.4360000000       100.8880000000     99
      150.9920000000       331.4900000000        55.2190000000    100
      150.8900000000       356.6790000000        49.0160000000    101
      151.9440000000       486.8360000000        54.4160000000    102
      152.3420000000       303.7150000000        95.3610000000    103
      152.4360000000       425.1730000000        64.0280000000    104
      154.7000000000       269.2720000000       103.5220000000    105
      154.9020000000       521.6510000000       103.7330000000    106
      155.0670000000       283.8430000000        66.3710000000    107
      155.0160000000       359.6800000000        99.0630000000    108
      155.9570000000       384.0790000000       103.2830000000    109
      156.3770000000       231.9770000000        95.5690000000    110
      156.8930000000       277.7540000000       111.8640000000    111
      156.9590000000       324.3250000000        41.2310000000    112
      156.8740000000       420.9090000000        74.4460000000    113
      158.1730000000       479.4090000000       120.5840000000    114
      158.1400000000       491.1240000000        86.5880000000    115
      158.2170000000       248.3200000000        97.8960000000    116
      158.7030000000       515.5570000000       125.2000000000    117
      159.6560000000       405.7010000000        96.4680000000    118
      159.8330000000       469.1630000000       100.4630000000    119
      159.8490000000       500.7450000000       111.5390000000    120
      160.7170000000       268.9820000000        88.0040000000    121
      160.9480000000       395.5000000000       103.4180000000    122
      161.3670000000       379.3860000000        49.7330000000    123
      161.3420000000       474.9390000000        67.9620000000    124
      162.6690000000       539.2880000000       130.3160000000    125
      163.2300000000       504.9980000000       117.9470000000    126
      163.3070000000       410.3240000000        52.6560000000    127
      164.6090000000       288.9160000000        95.6250000000    128
      164.4770000000       333.3180000000        50.2020000000    129
      164.2570000000       438.4420000000        60.3730000000    130
      164.5320000000       497.5530000000       126.1080000000    131
      164.3950000000       512.6200000000        72.7240000000    132
      165.5550000000       294.3210000000        39.0500000000    133
      165.9960000000       484.4500000000       118.8030000000    134
      166.2640000000       376.8410000000        92.5860000000    135
      167.0490000000       227.3140000000        87.3630000000    136
      167.3890000000       266.9630000000        58.9120000000    137
      167.2250000000       381.8920000000        45.8150000000    138
      167.5150000000       269.5420000000        76.2710000000    139
      168.7230000000       466.3220000000        56.9450000000    140
      169.0510000000       357.7340000000        49.4950000000    141
      168.9110000000       367.9340000000        94.8990000000    142
      169.3820000000       234.8100000000        99.0970000000    143
      169.5570000000       506.7080000000        79.5730000000    144
      170.3260000000       264.6540000000        99.3530000000    145
      171.6760000000       322.7990000000        68.4520000000    146
      171.7800000000       457.2390000000        58.5800000000    147
      172.3960000000       352.1960000000        92.1570000000    148
      173.0490000000       501.4080000000        76.8440000000    149
      173.6400000000       312.1690000000        92.1760000000    150
      173.7280000000       319.7690000000        92.9890000000    151
      174.8510000000       257.5050000000        39.7960000000    152
      175.4730000000       524.8470000000       111.3800000000    153
      175.8310000000       270.9530000000        77.9110000000    154
      175.7850000000       481.9280000000        61.0350000000    155
      176.2940000000       287.5590000000        51.4270000000    156
      176.9580000000       299.2320000000        96.3040000000    157
      176.8870000000       307.1410000000        47.1890000000    158
      177.0750000000       322.3110000000        50.8680000000    159
      177.1050000000       369.4670000000        44.7400000000    160
      177.2920000000       254.8500000000        97.8110000000    161
      177.8570000000       259.5030000000        82.5730000000    162
      178.0330000000       523.7500000000       125.8240000000    163
      178.4110000000       420.3310000000        51.4620000000    164
      179.2920000000       379.7850000000        33.1390000000    165
      179.0590000000       391.3920000000        48.1800000000    166
      179.0920000000       465.3040000000        54.6600000000    167
      180.2990000000       228.5510000000        92.7150000000    168
      180.2980000000       250.7760000000        95.4120000000    169
      180.6420000000       262.8340000000        99.2530000000    170
      180.5220000000       499.6250000000        93.4600000000    171
      181.0760000000       308.2420000000        35.3270000000    172
      181.0050000000       450.9310000000        55.7500000000    173
      181.6150000000       483.0590000000       115.2000000000    174
      183.7190000000       346.6420000000        90.4520000000    175
      184.3110000000       352.5110000000        35.6840000000    176
      185.7140000000       438.0670000000        55.8310000000    177
      187.2550000000       471.1620000000        47.2240000000    178
      187.1480000000       532.0370000000       120.6700000000    179
      187.6630000000       388.4220000000        46.2450000000    180
      187.7920000000       218.6860000000        92.2660000000    181
      189.4590000000       327.2830000000        39.9490000000    182
      189.2020000000       434.0500000000       101.3820000000    183
      189.8140000000       509.6460000000       103.9040000000    184
      190.1950000000       449.1820000000       102.5530000000    185
      190.8440000000       319.9410000000        90.9050000000    186
      191.0870000000       211.4090000000        92.1950000000    187
      191.1790000000       427.4400000000        53.9260000000    188
      190.9980000000       442.1230000000        49.6600000000    189
      191.6150000000       546.6000000000       117.4310000000    190
      192.1440000000       372.6950000000        39.7780000000    191
      192.2010000000       478.4460000000       112.4450000000    192
      192.9510000000       496.6240000000        97.0630000000    193
      193.8660000000       276.8590000000        31.0230000000    194
      193.8800000000       306.4260000000        39.2150000000    195
      193.8300000000       409.2410000000        53.4220000000    196
      193.9930000000       481.1220000000        61.4900000000    197
      194.8400000000       228.5440000000        72.6090000000    198
      195.9010000000       562.2920000000       109.2710000000    199
      196.1040000000       239.5030000000        94.9430000000    200
      196.6850000000       391.5350000000        42.6790000000    201
      197.3480000000       269.7170000000        91.8750000000    202
      197.4970000000       293.2580000000        33.3740000000    203
      198.1140000000       274.6770000000        38.7310000000    204
      198.2120000000       517.2320000000        97.4110000000    205
      198.3580000000       497.3330000000        57.2400000000    206
      199.2240000000       259.7870000000        91.5690000000    207
      199.1740000000       310.3770000000        35.0780000000    208
      199.1240000000       466.9400000000        54.5560000000    209
      199.0370000000       531.1200000000       111.4400000000    210
      201.9800000000       283.0990000000        88.5340000000    211
      202.1710000000       181.1080000000        74.9690000000    212
      202.1960000000       235.8850000000        48.6560000000    213
      202.1040000000       506.7050000000       118.0180000000    214
      202.3910000000       511.2950000000        91.3360000000    215
      202.8380000000       250.3740000000        89.0060000000    216
      203.0470000000       496.4610000000       110.6490000000    217
      203.4350000000       447.8190000000        44.4940000000    218
      203.6490000000       449.0090000000        98.1770000000    219
      203.7090000000       576.9860000000       126.3790000000    220
      205.2380000000       420.4280000000        52.8970000000    221
      205.5770000000       410.0810000000        53.5450000000    222
      205.7720000000       345.8220000000        23.8160000000    223
      205.8770000000       376.4760000000        37.2560000000    224
      207.0460000000       359.4330000000        35.9140000000    225
      207.5390000000       392.9690000000        47.0250000000    226
      208.0610000000       193.3610000000        73.4430000000    227
      208.8420000000       370.1990000000        43.3360000000    228
      208.8670000000       447.4660000000        42.6410000000    229
      208.8170000000       470.5230000000        97.0160000000    230
      210.0990000000       474.4900000000        52.1970000000    231
      210.7640000000       164.6940000000       107.0950000000    232
      210.4680000000       510.0340000000        96.7950000000    233
      210.9540000000       211.2590000000        77.9470000000    234
      210.8490000000       255.1140000000        42.2210000000    235
      211.2960000000       294.8850000000        30.6280000000    236
      211.7740000000       540.6050000000       118.0510000000    237
      213.0850000000       189.3760000000        63.8740000000    238
      213.0520000000       266.8900000000        94.8420000000    239
      212.8690000000       328.2180000000        28.7760000000    240
      213.3470000000       539.9590000000       106.8450000000    241
      213.6230000000       174.7460000000        92.5800000000    242
      214.2510000000       212.8930000000        87.3990000000    243
      215.4030000000       282.8370000000        29.7420000000    244
      215.5350000000       499.4030000000       109.4800000000    245
      216.0230000000       387.2160000000        51.6230000000    246
      217.5650000000       226.3910000000        89.1540000000    247
      217.6040000000       454.7520000000        47.8330000000    248
      218.0300000000       198.9340000000        81.7160000000    249
      219.2520000000       514.8910000000       111.8990000000    250
      220.3230000000       331.4620000000        27.8690000000    251
      220.3210000000       364.8880000000        41.3030000000    252
      220.4750000000       508.5020000000       107.4400000000    253
      220.5900000000       209.1440000000        35.5900000000    254
      220.7160000000       364.7000000000        50.9090000000    255
      221.1380000000       269.4940000000        29.9750000000    256
      220.9600000000       524.4540000000       117.4300000000    257
      221.9220000000       170.4740000000        68.0650000000    258
      222.2020000000       419.3040000000        49.0310000000    259
      222.0180000000       431.9290000000        35.1020000000    260
      222.0150000000       538.2250000000       118.8420000000    261
      223.4350000000       489.4280000000       103.5620000000    262
      223.2780000000       519.6480000000        96.7780000000    263
      223.6940000000       546.9310000000       113.3810000000    264
      224.0030000000       472.9960000000        97.5330000000    265
      224.3030000000       382.7480000000        76.5320000000    266
      224.6800000000       214.4140000000        77.7310000000    267
      226.3390000000       343.0430000000        36.6720000000    268
      226.3260000000       531.9140000000        68.5080000000    269
      226.7370000000       262.7140000000        31.5570000000    270
      227.8240000000       470.0670000000        43.0090000000    271
      227.7050000000       489.9600000000        56.2630000000    272
      228.6660000000       202.3920000000        65.2990000000    273
      228.4840000000       440.0060000000        46.2290000000    274
      229.1360000000       355.7420000000        36.2560000000    275
      229.1940000000       465.6810000000        98.2490000000    276
      228.8600000000       561.0260000000       109.6360000000    277
      229.6060000000       201.8870000000        82.2520000000    278
      229.6870000000       363.5630000000        48.3330000000    279
      229.7070000000       463.4260000000        30.2130000000    280
      229.7380000000       177.3650000000        88.0020000000    281
      229.8800000000       483.1250000000        42.0630000000    282
      230.6640000000       377.5600000000        66.1270000000    283
      231.7790000000       332.2650000000        29.6920000000    284
      232.0130000000       426.5450000000        47.8820000000    285
      231.6570000000       571.7750000000       123.8270000000    286
      232.4490000000       224.0600000000        80.4720000000    287
      232.1490000000       278.7710000000        28.2070000000    288
      232.2730000000       515.7890000000        75.2890000000    289
      233.4400000000       173.6510000000        39.0050000000    290
      233.7710000000       358.7550000000        37.4170000000    291
      233.5600000000       556.6380000000       113.4190000000    292
      234.2050000000       247.7540000000        31.0340000000    293
      234.0120000000       444.6150000000        40.3520000000    294
      235.4910000000       306.2030000000        24.0040000000    295
      235.4160000000       489.7790000000        47.5110000000    296
      235.7950000000       366.2610000000        52.9350000000    297
      236.7540000000       548.7350000000        93.9250000000    298
      237.2960000000       287.0810000000        26.1600000000    299
      237.8260000000       223.2770000000        55.3970000000    300
      237.7940000000       373.5770000000        34.6610000000    301
      238.0560000000       229.3100000000        89.5330000000    302
      238.5640000000       481.5770000000        31.4110000000    303
      239.4950000000       510.3740000000       101.4870000000    304
      240.2320000000       520.4130000000        95.0040000000    305
      240.4680000000       242.2410000000        28.3650000000    306
      240.8900000000       369.5040000000        30.6680000000    307
      241.0520000000       411.3240000000        62.6710000000    308
      242.2990000000       175.6300000000        85.8790000000    309
      242.6420000000       325.7840000000        26.0930000000    310
      242.6310000000       389.6500000000        29.8060000000    311
      243.2950000000       185.1010000000        66.8300000000    312
      243.3510000000       283.0930000000        90.6620000000    313
      244.7320000000       212.1650000000        80.1650000000    314
      245.1490000000       196.7370000000        67.2930000000    315
      245.3280000000       535.9660000000        67.3350000000    316
      246.5030000000       251.6320000000        49.4410000000    317
      246.4570000000       349.9010000000        39.5510000000    318
      246.4030000000       509.5030000000        98.2400000000    319
      247.3370000000       551.1410000000       119.5680000000    320
      248.2470000000       371.3760000000        46.4660000000    321
      248.7970000000       197.0210000000        74.8360000000    322
      248.8270000000       546.8110000000       119.4120000000    323
      249.6260000000       139.0530000000        91.2680000000    324
      249.8400000000       143.5570000000        83.1550000000    325
      249.6920000000       543.1290000000       106.2700000000    326
      250.3500000000       570.7100000000       100.3040000000    327
      250.7040000000       356.2580000000        38.0840000000    328
      250.6940000000       471.6920000000        95.2250000000    329
      251.8220000000       227.0790000000        21.0370000000    330
      252.0650000000       149.4860000000        96.5290000000    331
      252.0700000000       340.6720000000        73.9900000000    332
      252.1940000000       491.1560000000        98.7580000000    333
      252.7310000000       428.3530000000        33.3180000000    334
      252.8220000000       182.4290000000        85.6780000000    335
      253.5080000000       464.7540000000        36.9730000000    336
      255.8730000000       211.3820000000        21.2490000000    337
      256.7780000000       247.9600000000        22.0900000000    338
      256.6060000000       253.9860000000        28.4150000000    339
      256.8920000000       484.5920000000        43.0220000000    340
      256.7580000000       517.6090000000        85.3500000000    341
      256.8990000000       540.9440000000        76.5460000000    342
      257.4620000000       164.1820000000        82.8180000000    343
      257.3880000000       567.9240000000       113.6640000000    344
      258.0590000000       368.3060000000        36.0130000000    345
      258.1470000000       415.3190000000        46.5020000000    346
      258.3130000000       559.1750000000       107.1760000000    347
      259.7550000000       263.1470000000        24.4120000000    348
      259.8420000000       312.9050000000        23.8000000000    349
      260.8890000000       484.8420000000        70.7600000000    350
      261.6890000000       579.9490000000       106.9060000000    351
      262.2200000000       182.5220000000        74.0980000000    352
      262.0870000000       538.4550000000       113.0550000000    353
      262.6660000000       349.9370000000        47.5280000000    354
      263.1990000000       339.8620000000        25.3970000000    355
      263.7100000000       196.6640000000        84.7220000000    356
      263.5260000000       238.2710000000        29.9220000000    357
      266.6660000000       337.4080000000        70.6200000000    358
      266.8370000000       364.1430000000        42.4020000000    359
      267.2330000000       568.0180000000       104.7740000000    360
      268.1810000000       150.8150000000        72.4380000000    361
      268.4190000000       247.6590000000        23.3590000000    362
      268.5990000000       261.9230000000        21.1970000000    363
      268.6450000000       420.4530000000        53.5250000000    364
      269.2060000000       234.9160000000        79.4750000000    365
      269.4760000000       353.8110000000        44.8320000000    366
      269.7110000000       515.1850000000        41.6910000000    367
      270.0710000000       222.7110000000        76.5050000000    368
      270.2530000000       346.1820000000        23.9760000000    369
      269.9070000000       521.7780000000       101.9660000000    370
      270.4560000000       417.0670000000        42.7240000000    371
      271.1240000000       256.0820000000        86.1820000000    372
      271.8770000000       315.8340000000        25.0100000000    373
      272.4560000000       149.6370000000        84.0310000000    374
      272.4710000000       538.7810000000       100.4820000000    375
      272.9570000000       478.2450000000        31.5730000000    376
      274.7340000000       150.3660000000        89.6880000000    377
      274.7090000000       191.9860000000        85.9670000000    378
      274.7940000000       242.0120000000        22.4290000000    379
      274.4780000000       557.4650000000        92.3150000000    380
      275.3390000000       323.3380000000        30.3220000000    381
      275.9780000000       162.4560000000        80.7560000000    382
      276.0670000000       300.2190000000        87.1130000000    383
      276.3060000000       330.8800000000        46.8570000000    384
      276.5820000000       493.6980000000        47.4040000000    385
      276.3470000000       503.0170000000        55.5690000000    386
      277.2340000000       209.0150000000        69.8040000000    387
      277.4900000000       495.3270000000        97.7740000000    388
      278.7140000000       547.8950000000       111.6410000000    389
      279.3590000000       150.0680000000        74.7990000000    390
      279.6600000000       532.2950000000       101.4400000000    391
      281.2330000000       523.4040000000       100.2800000000    392
      281.4820000000       419.3560000000        44.0100000000    393
      282.3890000000       458.9260000000        21.5140000000    394
      282.9750000000       397.9800000000        35.0220000000    395
      283.2850000000       321.1760000000        41.1020000000    396
      283.9470000000       176.8510000000        72.2880000000    397
      284.7120000000       549.6510000000        86.4130000000    398
      286.8110000000       138.1630000000        80.5130000000    399
      286.8810000000       328.5440000000        36.5140000000    400
      287.0680000000       182.4540000000        80.1310000000    401
      287.3120000000       191.9990000000        28.4930000000    402
      287.5230000000       493.6330000000        91.2960000000    403
      288.6300000000       563.8010000000        62.6430000000    404
      289.4510000000       474.3900000000        33.2560000000    405
      289.7830000000       245.5660000000        21.9740000000    406
      289.7550000000       410.2300000000        37.6180000000    407
      290.5430000000       145.0620000000        61.9940000000    408
      290.3200000000       544.3970000000        93.5840000000    409
      290.9670000000       145.7100000000        84.5480000000    410
      290.9940000000       310.7710000000        29.7190000000    411
      290.9010000000       405.5650000000        68.9340000000    412
      290.8640000000       507.3570000000        93.1350000000    413
      290.8960000000       528.4900000000        99.1820000000    414
      291.5560000000       258.6880000000        17.6170000000    415
      291.6510000000       508.7600000000        30.8310000000    416
      292.4640000000       335.8390000000        25.0190000000    417
      292.7170000000       565.1180000000       101.6710000000    418
      293.0560000000       219.3250000000        71.5940000000    419
      293.7720000000       219.9990000000        27.0240000000    420
      293.7000000000       384.0510000000        43.2870000000    421
      293.6340000000       551.0250000000        98.6420000000    422
      294.7400000000       177.7660000000        33.3700000000    423
      295.4960000000       486.6580000000        34.7880000000    424
      295.2910000000       502.4560000000        40.4950000000    425
      295.6970000000       237.6480000000        19.4170000000    426
      297.3130000000       285.1200000000        49.0350000000    427
      297.2390000000       528.5640000000        41.7820000000    428
      298.0460000000       434.2840000000        34.5630000000    429
      298.3410000000       465.7110000000        22.2440000000    430
      298.8810000000       137.3160000000        75.3050000000    431
      298.7880000000       449.4810000000        27.5690000000    432
      299.0270000000       138.1120000000        87.2730000000    433
      299.2090000000       185.5640000000        78.1920000000    434
      299.4100000000       405.0790000000        41.7580000000    435
      300.0320000000       419.9960000000        29.5110000000    436
      300.0850000000       523.2550000000        81.9160000000    437
      299.8420000000       565.4390000000        80.5300000000    438
      300.5280000000       530.7150000000        93.6160000000    439
      301.1770000000       337.6450000000        35.9170000000    440
      301.8270000000       143.4060000000        86.3500000000    441
      301.8530000000       299.6620000000        20.6430000000    442
      302.3890000000       203.3680000000        79.6190000000    443
      303.4390000000       238.6300000000        41.0890000000    444
      303.5330000000       123.9080000000        86.1680000000    445
      304.1800000000       316.9070000000        49.2510000000    446
      304.0970000000       441.2100000000        48.5400000000    447
      304.7410000000       116.8050000000        92.1550000000    448
      304.9500000000       231.9440000000        41.8910000000    449
      305.9580000000       543.6290000000        79.1830000000    450
      305.9920000000       555.9460000000        93.6210000000    451
      306.6740000000       255.2770000000         9.6020000000    452
      306.9500000000       495.0020000000        40.8640000000    453
      307.9360000000       212.7650000000        78.9120000000    454
      308.4040000000       524.8330000000        95.0440000000    455
      309.1720000000       175.6580000000        84.5140000000    456
      309.2120000000       535.3010000000        88.2370000000    457
      309.6100000000       302.8870000000        28.6610000000    458
      310.4440000000       214.5870000000        16.6490000000    459
      310.5960000000       233.1580000000        19.6470000000    460
      312.1960000000       536.1960000000        73.4910000000    461
      312.9930000000       117.9040000000        90.2960000000    462
      313.5190000000       244.4940000000        78.6910000000    463
      313.5830000000       290.5310000000        36.3380000000    464
      313.3100000000       518.5450000000        36.7240000000    465
      313.8970000000       459.2650000000        87.6310000000    466
      313.8250000000       468.7230000000        25.5020000000    467
      313.8320000000       533.1100000000        96.4610000000    468
      314.4740000000       152.3420000000        34.0550000000    469
      314.2260000000       411.4730000000        35.6960000000    470
      314.2880000000       426.3100000000        29.9420000000    471
      314.9790000000       258.9010000000        17.3270000000    472
      315.4170000000       292.7850000000        17.6210000000    473
      315.2480000000       575.7990000000        99.9980000000    474
      315.6700000000       152.0410000000        81.7010000000    475
      316.4130000000       151.0580000000        65.9140000000    476
      316.6890000000       462.7920000000        22.5550000000    477
      317.1390000000       313.9870000000        40.0010000000    478
      317.2050000000       473.6990000000        24.8200000000    479
      317.4400000000       385.7880000000        26.2970000000    480
      318.1200000000       201.1900000000        78.8630000000    481
      317.8790000000       202.7560000000        23.6530000000    482
      317.9450000000       304.1610000000        19.1670000000    483
      318.4070000000       316.3110000000        28.9760000000    484
      318.6230000000       338.7630000000        10.9890000000    485
      318.4350000000       491.9420000000        80.4170000000    486
      319.0870000000       278.0480000000        16.0580000000    487
      318.8700000000       541.3160000000        77.4340000000    488
      319.6700000000       144.5550000000        31.9430000000    489
      321.4410000000       552.6930000000        91.1080000000    490
      322.8590000000       304.6620000000        20.7490000000    491
      323.2130000000       155.9950000000        21.1880000000    492
      322.9450000000       272.1910000000        26.6640000000    493
      323.7020000000       400.4170000000        33.6630000000    494
      323.7980000000       537.9070000000        88.5080000000    495
      324.2330000000       145.9280000000        60.6500000000    496
      324.6540000000       386.0090000000        36.1180000000    497
      324.4230000000       565.3860000000        94.3320000000    498
      325.0220000000       404.7790000000        23.8330000000    499
      324.8290000000       494.7530000000        28.7330000000    500
      325.3720000000       226.8830000000        42.7520000000    501
      325.2810000000       415.2660000000        27.5610000000    502
      326.5230000000       272.3040000000        50.4960000000    503
      327.3800000000       516.3780000000        89.6660000000    504
      327.6330000000       156.2640000000        22.2590000000    505
      328.2680000000       211.0610000000        18.2470000000    506
      328.2830000000       480.3530000000        24.6730000000    507
      328.8930000000       263.3780000000        17.8530000000    508
      329.2860000000       456.4670000000        26.1460000000    509
      329.7320000000       402.7550000000        41.2560000000    510
      329.6580000000       544.6020000000        66.0380000000    511
      330.4340000000       126.2150000000        69.5280000000    512
      331.5420000000       245.2560000000        12.0240000000    513
      331.8510000000       128.9310000000        90.4950000000    514
      331.9350000000       140.1320000000        71.4180000000    515
      331.8140000000       461.5160000000        44.7060000000    516
      332.2560000000       149.0660000000        27.5010000000    517
      332.3050000000       587.7450000000       106.6890000000    518
      333.4720000000       339.2460000000        25.4800000000    519
      333.3980000000       411.4320000000        29.2160000000    520
      333.6900000000       412.1980000000        42.3960000000    521
      333.5630000000       499.5300000000        30.8910000000    522
      334.2350000000       312.0910000000        17.4350000000    523
      334.5200000000       574.0330000000       104.1730000000    524
      335.1760000000       108.6650000000        84.9400000000    525
      335.7110000000       260.3410000000         4.1460000000    526
      336.7970000000       424.8260000000        24.7350000000    527
      337.2600000000       148.9330000000        40.2500000000    528
      337.3640000000       225.5180000000        12.4360000000    529
      337.4320000000       240.4210000000        10.1940000000    530
      337.5440000000       342.0100000000        23.7620000000    531
      337.6890000000       481.2750000000        30.6610000000    532
      337.8560000000       533.3880000000        84.5340000000    533
      338.8680000000       146.4470000000        76.6710000000    534
      340.1330000000       267.5100000000        41.4490000000    535
      339.9900000000       296.4690000000        27.2170000000    536
      340.1550000000       387.5520000000        27.8190000000    537
      340.3950000000       402.7540000000        32.0830000000    538
      342.2170000000       254.2400000000        16.8530000000    539
      342.0690000000       574.9940000000        78.7040000000    540
      342.6460000000       199.2500000000        78.6840000000    541
      343.3270000000       131.0910000000        84.1930000000    542
      344.5670000000       320.3640000000        19.4780000000    543
      345.7890000000       402.2330000000        25.2770000000    544
      345.8670000000       521.5120000000        86.2280000000    545
      346.2910000000       193.1640000000        19.4320000000    546
      346.6600000000       282.7140000000        16.5010000000    547
      346.7010000000       368.3330000000        24.1850000000    548
      347.7140000000       515.5570000000        70.3600000000    549
      348.0420000000       585.9770000000        79.0360000000    550
      348.6390000000       575.4750000000        64.5970000000    551
      349.4780000000       226.1500000000        12.1160000000    552
      350.9470000000       394.3210000000        42.5280000000    553
      350.6890000000       562.2690000000        86.2670000000    554
      351.1220000000       114.3060000000        81.4350000000    555
      351.9080000000       286.5920000000        16.4140000000    556
      351.7290000000       490.2060000000        34.8100000000    557
      352.2120000000       203.6510000000        14.3180000000    558
      352.3000000000       597.1180000000       106.8580000000    559
      352.7630000000       407.7690000000        45.2640000000    560
      352.4040000000       521.7360000000        86.4760000000    561
      352.7990000000       570.3140000000        92.1950000000    562
      353.1540000000       500.6820000000        88.7690000000    563
      353.6200000000       150.0260000000        72.5220000000    564
      355.0910000000       537.4030000000        56.9650000000    565
      354.7500000000       555.9730000000        60.0690000000    566
      355.1780000000       184.6080000000        18.6560000000    567
      355.4230000000       193.5010000000        14.8050000000    568
      355.2770000000       276.5360000000        34.7350000000    569
      355.7440000000       158.1650000000        72.5130000000    570
      356.5030000000       470.7140000000        24.5830000000    571
      356.1710000000       549.1720000000        82.7040000000    572
      356.4580000000       582.6430000000        78.1730000000    573
      357.2750000000       298.8090000000        15.7480000000    574
      357.7590000000       413.4090000000        20.6970000000    575
      357.9100000000       441.0440000000        14.6400000000    576
      358.2960000000       116.0500000000        54.9780000000    577
      358.7120000000       276.4430000000        30.4480000000    578
      359.3720000000        91.4740000000        81.5820000000    579
      359.7690000000       539.8360000000        87.3120000000    580
      359.9080000000       396.1470000000        26.3200000000    581
      360.6440000000       230.2730000000        67.9250000000    582
      360.6820000000       572.6970000000        32.9650000000    583
      360.7880000000       421.3430000000        18.8710000000    584
      361.5590000000       244.0450000000        13.9260000000    585
      361.2850000000       271.4200000000        24.7410000000    586
      361.7730000000       539.2590000000        74.8210000000    587
      363.0390000000       263.8660000000        50.7770000000    588
      363.8280000000       560.6140000000        93.5160000000    589
      364.7370000000       479.2570000000        25.0300000000    590
      365.0910000000       405.6680000000        23.1280000000    591
      365.4800000000       353.7350000000        15.1100000000    592
      365.3460000000       486.4050000000        81.1810000000    593
      365.3660000000       496.6980000000        25.0010000000    594
      366.9690000000       100.7930000000        59.7520000000    595
      367.3140000000       524.4510000000        80.7810000000    596
      369.3740000000       263.8240000000        32.5180000000    597
      369.3650000000       393.9560000000        20.0860000000    598
      369.3170000000       495.8330000000        86.0040000000    599
      369.9910000000       304.2860000000        19.4140000000    600
      370.2430000000       535.8580000000        83.9750000000    601
      370.6040000000       278.5630000000        22.4950000000    602
      370.5270000000       440.2080000000        24.4690000000    603
      370.5080000000       452.6050000000         8.7560000000    604
      371.6520000000       160.8520000000        10.1240000000    605
      371.6010000000       236.6020000000         9.9510000000    606
      371.7750000000       180.7490000000        73.4120000000    607
      372.3910000000       158.0120000000        80.2850000000    608
      372.3740000000       436.1570000000        22.8850000000    609
      373.8010000000       288.6600000000        12.0960000000    610
      374.3390000000       409.2320000000        40.9530000000    611
      374.6000000000       177.6480000000        14.1010000000    612
      375.1330000000       557.4020000000        72.0630000000    613
      375.7910000000       136.6060000000        71.2620000000    614
      375.7820000000       475.2990000000        20.1060000000    615
      376.0870000000       223.2580000000         9.2930000000    616
      376.7680000000       574.5150000000        94.3110000000    617
      377.2100000000       443.9280000000        21.2170000000    618
      376.9310000000       456.0680000000        19.6930000000    619
      377.8560000000       268.7190000000        48.6760000000    620
      378.2700000000       120.8800000000        77.3120000000    621
      378.3590000000       297.8170000000        24.6780000000    622
      379.9110000000       409.4780000000        24.4850000000    623
      379.7750000000       493.9300000000        22.7610000000    624
      380.2680000000       123.7310000000        26.9730000000    625
      380.5900000000       187.6920000000        13.4370000000    626
      380.8950000000       539.4980000000        46.5110000000    627
      380.5450000000       588.2140000000        97.8080000000    628
      381.8890000000       112.4440000000        39.6960000000    629
      381.5440000000       534.4070000000        46.1800000000    630
      383.4160000000       384.5850000000        26.1180000000    631
      385.1390000000       366.8050000000        23.5540000000    632
      385.0320000000       380.5110000000        21.4100000000    633
      385.0540000000       396.8190000000        34.2570000000    634
      385.4350000000       204.2280000000         8.7730000000    635
      386.1480000000       522.3050000000        86.0930000000    636
      386.3520000000       556.1950000000        94.7260000000    637
      386.9350000000       408.7840000000        23.6520000000    638
      387.7800000000       110.7600000000        41.4600000000    639
      387.4810000000       225.8120000000        69.9590000000    640
      388.1860000000       199.6630000000        10.3720000000    641
      389.1200000000       460.6160000000        24.3240000000    642
      389.0460000000       466.6340000000        24.2390000000    643
      389.2030000000       486.2190000000        38.7910000000    644
      389.9950000000       255.9920000000        17.0850000000    645
      390.9130000000       592.9710000000        85.6340000000    646
      391.9620000000       133.1490000000        61.1600000000    647
      391.9890000000       184.7830000000        25.5140000000    648
      392.6020000000       296.2510000000        16.3100000000    649
      392.7630000000       423.7800000000        21.6080000000    650
      393.8070000000       502.2510000000        14.7340000000    651
      393.7210000000       542.9530000000        90.7060000000    652
      394.3230000000       389.1920000000        24.0250000000    653
      394.4440000000       230.9500000000        30.3670000000    654
      394.3830000000       382.6580000000        32.7530000000    655
      394.5910000000       498.3900000000        81.7240000000    656
      394.5210000000       504.1030000000        23.5630000000    657
      394.9390000000       274.3530000000        14.6010000000    658
      394.8990000000       568.5750000000        99.9420000000    659
      395.6120000000       132.2170000000        41.8380000000    660
      395.9410000000       240.9630000000        29.8530000000    661
      396.9170000000       232.2720000000        14.0920000000    662
      396.9910000000       255.4250000000        12.5740000000    663
      397.7160000000       425.1180000000        19.0170000000    664
      398.4990000000       190.6390000000        15.3480000000    665
      399.3560000000       475.5990000000        18.4290000000    666
      399.7330000000       269.8840000000        44.9020000000    667
      399.7330000000       277.7680000000        16.1590000000    668
      400.0160000000       569.9680000000        68.0650000000    669
      399.9570000000       578.0290000000        95.3830000000    670
      400.4030000000       122.2100000000        17.0290000000    671
      400.4580000000       288.9370000000        16.0990000000    672
      400.7310000000       527.5340000000        77.8990000000    673
      400.5400000000       539.6360000000        78.3220000000    674
      401.1940000000       544.7740000000        63.7900000000    675
      401.3880000000       231.5940000000         7.8800000000    676
      402.5110000000       550.8650000000        74.4570000000    677
      403.0450000000       154.6680000000        20.8220000000    678
      403.7690000000       455.5260000000        15.1870000000    679
      403.9720000000       577.6280000000        87.6430000000    680
      404.6790000000       246.1300000000        24.0370000000    681
      405.8070000000       207.8130000000        11.0310000000    682
      405.7260000000       556.8940000000        62.0650000000    683
      406.2640000000       257.2000000000        24.8510000000    684
      407.1050000000       593.0920000000        84.0470000000    685
      407.6270000000       106.1120000000        73.3560000000    686
      407.5430000000       223.9400000000         6.0920000000    687
      407.8940000000       268.3660000000        18.7360000000    688
      408.5140000000       139.0480000000        31.3480000000    689
      408.9910000000       241.6660000000        32.5270000000    690
      409.9600000000       302.7620000000        14.5670000000    691
      410.3860000000       122.5790000000        69.8060000000    692
      410.0950000000       404.1090000000        19.8960000000    693
      411.1730000000       170.1680000000        71.7030000000    694
      411.6250000000       434.7850000000         6.8970000000    695
      412.3530000000       445.8530000000        15.7570000000    696
      412.5650000000       530.0390000000        80.4040000000    697
      412.8630000000       583.0820000000        94.2440000000    698
      414.1120000000       393.1810000000        31.7370000000    699
      415.0630000000       122.1210000000        22.6590000000    700
      415.5920000000       174.1450000000        10.9180000000    701
      415.3520000000       219.0240000000        46.3410000000    702
      416.0270000000       385.8980000000        16.0010000000    703
      416.8680000000       245.4840000000        26.1000000000    704
      416.7900000000       511.4030000000        45.3840000000    705
      417.1470000000       420.8390000000        14.6820000000    706
      417.6090000000       254.6310000000         7.4020000000    707
      417.9670000000       543.9480000000        85.4760000000    708
      419.5150000000       564.7660000000        77.1640000000    709
      419.9550000000       497.8110000000        17.0630000000    710
      420.6410000000       425.5520000000        32.8740000000    711
      420.6630000000       439.0250000000        10.0050000000    712
      421.1430000000       486.0610000000        48.5240000000    713
      422.3620000000       373.2200000000        18.3340000000    714
      422.7680000000       260.3180000000         9.2060000000    715
      422.7470000000       466.5560000000        16.1300000000    716
      423.5930000000       522.6000000000        84.3540000000    717
      424.7760000000       552.1440000000        84.4390000000    718
      425.7340000000       273.4590000000         8.4810000000    719
      425.7850000000       228.2440000000        11.5360000000    720
      426.7730000000       490.9910000000        81.1630000000    721
      426.6680000000       504.0700000000        14.8000000000    722
      427.9750000000       138.3230000000        67.3120000000    723
      428.3910000000       430.7080000000        67.4070000000    724
      428.3680000000       463.0220000000        72.6020000000    725
      429.2140000000       441.5530000000        11.6510000000    726
      429.3380000000       507.2050000000        83.5170000000    727
      429.6980000000       555.6920000000        70.2260000000    728
      430.5110000000       187.6590000000        10.2070000000    729
      430.6330000000       232.9440000000        24.2660000000    730
      431.3430000000       561.8750000000        84.9220000000    731
      432.1710000000       259.5310000000        19.4700000000    732
      432.6230000000       165.2900000000        15.8700000000    733
      433.0450000000       277.7420000000         8.5000000000    734
      433.9010000000       538.0810000000        70.1120000000    735
      434.4060000000       577.3460000000        81.9090000000    736
      434.7050000000       546.7490000000        70.7830000000    737
      435.2940000000       210.0330000000        10.8410000000    738
      435.8220000000       536.5090000000        81.5120000000    739
      435.9580000000       478.2130000000        16.4070000000    740
      436.5690000000       407.9400000000        40.7610000000    741
      437.1050000000       196.2620000000        35.4100000000    742
      437.4230000000       209.0570000000        55.1530000000    743
      437.3550000000       220.3470000000        45.4850000000    744
      437.3360000000       383.4650000000        14.4310000000    745
      437.6870000000       419.6560000000        38.4920000000    746
      437.4790000000       523.4110000000        79.6880000000    747
      440.3010000000       500.7430000000        73.6760000000    748
      440.7340000000       549.9940000000        71.8470000000    749
      441.1410000000       547.7860000000        78.4530000000    750
      441.8720000000       217.5770000000        44.3930000000    751
      441.9330000000       537.2150000000        32.4000000000    752
      442.6830000000       310.3540000000        10.6520000000    753
      442.4860000000       342.3320000000        21.4580000000    754
      442.5600000000       467.7040000000        20.7580000000    755
      443.0760000000       570.3880000000        71.2840000000    756
      443.4010000000       484.6510000000        17.1050000000    757
      444.9140000000       187.6460000000        19.7530000000    758
      446.8910000000       338.9550000000        21.2930000000    759
      447.3290000000       196.9500000000         5.6800000000    760
      447.1050000000       475.0310000000        14.5580000000    761
      447.8680000000       376.2750000000        16.3940000000    762
      447.8360000000       541.6110000000        84.0510000000    763
      449.0500000000       236.1740000000        25.1190000000    764
      449.0370000000       504.8720000000        82.1380000000    765
      449.9330000000       168.4800000000        21.3080000000    766
      451.3920000000       136.6260000000        13.8590000000    767
      451.3510000000       448.0810000000        10.9630000000    768
      452.8950000000       144.8190000000        15.6110000000    769
      452.9040000000       512.9210000000        38.1290000000    770
      454.2150000000       116.2870000000        68.6750000000    771
      454.2520000000       290.8070000000        12.7710000000    772
      454.0000000000       376.1260000000        32.7100000000    773
      454.6660000000       246.9750000000        20.6980000000    774
      454.6170000000       383.6470000000        28.5530000000    775
      455.4850000000       173.3200000000         6.5520000000    776
      455.4660000000       221.8660000000        23.9930000000    777
      456.0490000000       526.4530000000        46.8800000000    778
      456.3250000000       393.6880000000        17.2560000000    779
      456.7170000000       536.7220000000        82.8040000000    780
      457.4790000000       158.0230000000        12.2530000000    781
      457.1530000000       496.2580000000        17.6090000000    782
      457.1260000000       502.7700000000        19.9220000000    783
      457.3940000000       529.9440000000        79.3180000000    784
      457.8230000000       380.8350000000        13.2060000000    785
      457.6260000000       483.7610000000        76.0040000000    786
      458.4110000000       214.6600000000        10.2410000000    787
      458.1020000000       402.6360000000        12.4970000000    788
      458.2150000000       550.3460000000        57.9190000000    789
      458.6170000000       566.3170000000        61.5820000000    790
      460.9360000000       435.3160000000        13.2280000000    791
      461.5560000000       473.0870000000        19.0810000000    792
      461.5550000000       560.5250000000        78.2950000000    793
      462.4530000000       385.9510000000        35.9070000000    794
      462.2780000000       484.8790000000        20.1580000000    795
      462.8280000000       110.6980000000        16.7920000000    796
      463.6770000000       455.5490000000        27.4610000000    797
      464.0710000000       361.2990000000        22.6690000000    798
      464.5150000000       154.3190000000        14.9590000000    799
      465.0970000000       226.2770000000        20.9490000000    800
      465.0680000000       593.6770000000        82.4180000000    801
      465.5860000000       219.7490000000        10.5200000000    802
      466.8060000000       494.0130000000        29.1870000000    803
      466.9500000000       529.4170000000        76.5000000000    804
      467.0720000000       541.7580000000        79.9210000000    805
      468.0760000000       214.8970000000        10.2650000000    806
      468.6730000000       219.5010000000        22.7320000000    807
      469.3840000000       150.9920000000        61.1330000000    808
      469.9410000000       100.9430000000        24.2660000000    809
      470.3830000000       433.5750000000         8.3600000000    810
      470.9110000000       416.1860000000        13.9750000000    811
      471.5700000000       384.9220000000        26.6670000000    812
      471.7920000000       557.9100000000        57.9450000000    813
      473.0260000000       157.0470000000         7.1560000000    814
      474.2980000000       107.3420000000        26.0330000000    815
      474.2910000000       222.0800000000         9.9710000000    816
      476.4410000000       172.1490000000        54.3310000000    817
      477.3200000000       130.4420000000        15.0960000000    818
      477.7620000000       260.0070000000        11.0040000000    819
      479.0980000000       358.1670000000        10.3990000000    820
      480.5250000000       230.4670000000        11.8070000000    821
      480.6090000000       520.6340000000        74.9010000000    822
      480.9060000000       353.1990000000        12.2010000000    823
      480.8570000000       473.6750000000        11.0000000000    824
      481.6240000000       482.7770000000        10.5740000000    825
      482.1780000000       186.8160000000        12.8860000000    826
      482.0850000000       218.6640000000        27.8920000000    827
      482.2100000000       429.5440000000         9.1700000000    828
      482.0870000000       442.4890000000        28.7390000000    829
      483.1510000000       553.3850000000        29.6010000000    830
      483.5920000000       474.8200000000        74.6270000000    831
      484.5060000000       441.1930000000         8.4910000000    832
      484.4310000000       521.5880000000        82.6500000000    833
      485.6140000000       124.5080000000        10.1840000000    834
      485.3430000000       191.7970000000        49.1040000000    835
      486.0450000000       195.1910000000        28.1360000000    836
      486.2330000000       183.6900000000        49.7880000000    837
      486.7550000000       384.3100000000        20.8210000000    838
      487.7950000000       400.5350000000        19.0260000000    839
      488.2960000000       136.3390000000        38.0910000000    840
      489.7160000000       467.4500000000         7.6420000000    841
      490.0260000000       349.9530000000        14.3720000000    842
      490.2890000000       357.7200000000        13.8050000000    843
      490.4560000000       224.4130000000         9.9250000000    844
      491.6350000000       188.5030000000        38.7940000000    845
      491.5080000000       252.7810000000        15.9990000000    846
      491.8320000000       176.9300000000        22.2710000000    847
      491.8150000000       235.8890000000         8.7580000000    848
      492.2810000000       375.2470000000        19.2560000000    849
      492.7220000000       187.2020000000         8.0450000000    850
      492.8710000000       525.1190000000        79.9830000000    851
      493.3580000000       237.5820000000        15.5870000000    852
      493.4670000000       402.0420000000        47.8770000000    853
      493.7750000000       180.5450000000        35.2240000000    854
      493.8370000000       493.2250000000        77.8930000000    855
      494.3970000000       372.9750000000        42.0550000000    856
      494.1630000000       441.7950000000        10.9450000000    857
      494.6350000000       168.1380000000        10.4780000000    858
      495.3690000000       548.8350000000        86.4450000000    859
      496.0970000000       185.4740000000        14.5790000000    860
      496.2240000000       388.2890000000        46.7720000000    861
      496.7880000000       212.9660000000         5.1750000000    862
      497.8870000000       113.3070000000        19.6650000000    863
      497.8530000000       212.1970000000        14.6000000000    864
      499.4210000000       470.4540000000        43.4270000000    865
      500.2470000000       204.2950000000        19.4960000000    866
      500.3450000000       243.8090000000         9.5250000000    867
      500.0230000000       393.7070000000        45.7830000000    868
      500.7570000000       199.7980000000         9.4590000000    869
      500.4900000000       456.8420000000        12.3480000000    870
      500.7690000000       519.2630000000        82.9520000000    871
      501.2860000000       397.5970000000        14.2910000000    872
      501.8760000000       437.7770000000         8.5180000000    873
      502.5610000000       372.1890000000        30.6590000000    874
      503.7940000000       384.3980000000        18.3070000000    875
      505.4000000000       176.9600000000        39.3160000000    876
      505.7810000000       155.4010000000        39.4010000000    877
      506.1080000000       528.1010000000        22.2500000000    878
      506.5600000000       151.9080000000        10.2640000000    879
      508.1630000000       159.7350000000        37.7540000000    880
      510.3610000000       167.1100000000        37.8310000000    881
      511.0740000000       131.4610000000         2.8590000000    882
      510.8420000000       140.9950000000         8.7830000000    883
      510.9190000000       411.5180000000        65.2080000000    884
      511.7120000000       193.2700000000        27.4440000000    885
      511.5820000000       455.5710000000        36.9740000000    886
      512.7670000000       457.8900000000        15.9840000000    887
      513.8870000000       196.4130000000        11.6170000000    888
      516.0550000000       436.2680000000        11.8300000000    889
      516.5290000000       378.6290000000         9.4040000000    890
      516.7870000000       372.4030000000        14.3360000000    891
      516.7920000000       498.2820000000        75.4690000000    892
      517.3200000000       529.3160000000        73.7480000000    893
      518.1560000000       539.1280000000        85.5050000000    894
      520.0350000000       377.5400000000        19.4950000000    895
      519.9020000000       459.3280000000         8.1920000000    896
      523.3770000000       140.0280000000        17.1900000000    897
      523.4780000000       364.3960000000        15.2050000000    898
      524.2490000000       140.0980000000         7.4280000000    899
      526.6480000000       485.2020000000        15.2320000000    900
      527.1530000000       351.6090000000        15.2790000000    901
      527.5150000000       127.5730000000        14.4270000000    902
      527.4080000000       512.1010000000        80.1090000000    903
      528.2950000000       173.9990000000        15.6270000000    904
      528.4500000000       391.3270000000        52.4430000000    905
      528.6980000000       474.4480000000        15.0270000000    906
      529.4210000000       117.6460000000        18.4330000000    907
      529.6310000000       184.3460000000        20.1510000000    908
      529.9060000000       380.4260000000        23.4080000000    909
      529.5320000000       550.6380000000        26.0850000000    910
      530.3220000000       428.9610000000        52.9440000000    911
      530.3880000000       499.9970000000        12.5460000000    912
      531.2330000000       395.7410000000        37.6960000000    913
      532.8420000000       351.3830000000         9.1650000000    914
      533.2220000000       163.7600000000        11.5120000000    915
      534.1140000000       370.5240000000        21.7410000000    916
      535.2570000000       378.8160000000         9.5780000000    917
      535.9280000000       411.0850000000        14.2370000000    918
      536.2650000000       178.2360000000        23.5110000000    919
      536.3590000000       465.1200000000        33.1380000000    920
      536.5700000000       384.1380000000        48.7270000000    921
      537.6280000000       483.2370000000        18.7220000000    922
      538.0700000000       356.9500000000         8.7410000000    923
      539.0510000000       126.6400000000        12.0690000000    924
      539.1590000000       126.7340000000        49.1670000000    925
      539.8210000000       439.0890000000        16.2960000000    926
      542.3980000000       428.6040000000        15.1650000000    927
      542.1400000000       454.2200000000        66.0440000000    928
      542.4300000000       494.0150000000        18.6790000000    929
      542.8710000000       184.1750000000        17.7370000000    930
      542.5220000000       394.4900000000         8.6260000000    931
      544.8870000000       461.6340000000        18.6340000000    932
      545.5210000000       379.9030000000        17.7210000000    933
      545.9840000000       176.4050000000        18.9160000000    934
      545.6820000000       389.4020000000        15.9160000000    935
      547.7200000000       456.4980000000        16.4340000000    936
      547.9040000000       500.5500000000        19.1270000000    937
      550.2870000000       442.2010000000        12.8510000000    938
      552.9720000000       490.4160000000        62.9240000000    939
      553.4370000000       108.3550000000        23.0170000000    940
      553.1390000000       384.0720000000        26.0940000000    941
      553.2300000000       444.2350000000        66.5300000000    942
      554.1500000000       431.6380000000         7.9970000000    943
      554.6810000000       187.8540000000        11.7080000000    944
      556.0920000000       480.6770000000        66.8320000000    945
      556.6030000000       403.8030000000         9.8050000000    946
      557.7860000000       139.8280000000        43.6320000000    947
      557.8520000000       201.6430000000         8.8160000000    948
      560.8250000000       366.2820000000        11.0450000000    949
      561.5070000000       174.1870000000         9.7180000000    950
      561.8260000000       446.7520000000         9.3540000000    951
      562.3920000000       114.1600000000        14.5280000000    952
      563.1270000000       436.7000000000        27.3920000000    953
      563.4590000000       193.9920000000        10.5770000000    954
      564.2980000000       405.7560000000        10.3780000000    955
      566.1660000000       177.3410000000        47.8440000000    956
      568.1550000000       382.1260000000        20.3710000000    957
      568.6790000000       133.9200000000        46.3330000000    958
      569.1660000000       170.5700000000        32.7280000000    959
      571.2970000000       211.4840000000         7.4230000000    960
      571.4150000000       436.8880000000        13.5040000000    961
      571.7310000000       136.2370000000        13.1120000000    962
      571.7190000000       415.0370000000        10.5260000000    963
      572.3770000000       162.9370000000        24.0880000000    964
      573.6500000000       127.1520000000        48.4620000000    965
      574.7020000000       116.1300000000        15.9770000000    966
      574.3230000000       146.7360000000        18.1290000000    967
      574.8050000000       384.6650000000        38.0910000000    968
      574.8720000000       390.0360000000        37.9070000000    969
      575.2830000000       359.5820000000        13.8390000000    970
      575.8050000000       485.1400000000        23.3800000000    971
      576.5930000000       386.5360000000        15.6150000000    972
      577.0810000000       110.3580000000        23.3800000000    973
      578.8370000000       189.2250000000        12.8840000000    974
      579.7860000000       433.9050000000        19.4340000000    975
      579.9540000000       195.9140000000        10.3310000000    976
      580.2710000000       386.8050000000        35.4640000000    977
      581.3970000000       124.9430000000        17.9380000000    978
      581.6260000000       161.4700000000        10.9750000000    979
      582.2770000000       365.5250000000        26.3650000000    980
      583.5520000000       385.7040000000        15.0810000000    981
      585.0170000000       205.4350000000         7.4270000000    982
      585.0270000000       436.4940000000         8.6870000000    983
      585.2440000000       460.5050000000        17.8170000000    984
      586.1390000000       364.7770000000        16.3090000000    985
      586.3540000000       158.0220000000        19.5680000000    986
      587.0760000000       483.0530000000        22.7800000000    987
      588.8060000000       142.0300000000        24.2730000000    988
      589.1440000000       373.4750000000        39.1940000000    989
      589.6480000000       136.0660000000         8.3570000000    990
      589.7170000000       390.1260000000        23.5300000000    991
      590.5440000000       414.8260000000         6.3040000000    992
      591.0040000000       159.5040000000        11.9660000000    993
      591.6120000000       412.8160000000        20.6760000000    994
      592.1150000000       400.3200000000         8.7610000000    995
      591.9940000000       434.7920000000        12.9950000000    996
      591.8550000000       440.1670000000        36.5050000000    997
      592.6040000000       458.7740000000        21.3360000000    998
      593.0940000000       108.8030000000        10.2860000000    999
      594.2920000000       149.6080000000         3.4790000000   1000
      594.9250000000       124.5690000000        41.2270000000   1001
      596.5790000000       430.7140000000        59.4650000000   1002
      597.5140000000       135.5740000000         7.4750000000   1003
      598.9460000000       458.2520000000        13.8400000000   1004
      604.2190000000       105.2970000000        22.3950000000   1005
      604.8900000000       432.2520000000        13.2070000000   1006
      605.5410000000       144.5690000000         6.1500000000   1007
      605.3350000000       370.0270000000        25.7140000000   1008
      608.1640000000       343.2150000000        12.7640000000   1009
      608.4420000000       367.2450000000        16.4950000000   1010
      608.9460000000       130.7290000000        40.4020000000   1011
      609.5100000000       431.5110000000        59.2090000000   1012
      611.2610000000       427.6380000000        13.1330000000   1013
      612.1010000000       426.0810000000        21.9650000000   1014
      612.8980000000       105.6580000000        14.3210000000   1015
      616.5710000000       423.6110000000        11.0960000000   1016
      617.1040000000       155.8840000000        12.5660000000   1017
      618.0530000000       386.2890000000        39.2700000000   1018
      618.9200000000       408.0500000000        28.2070000000   1019
      619.7480000000       150.4140000000        31.3700000000   1020
      622.2230000000       359.8470000000        13.0600000000   1021
      623.4930000000       101.2160000000        12.4320000000   1022
      623.8790000000       422.3920000000         9.6140000000   1023
      626.9510000000       408.5420000000        34.3870000000   1024
      628.0410000000       120.6550000000        11.4860000000   1025
      627.7880000000       150.2320000000         8.1510000000   1026
      627.8040000000       404.7550000000        47.0400000000   1027
      628.0910000000       425.4220000000        19.0510000000   1028
      629.0040000000       378.7140000000         9.7170000000   1029
      628.9830000000       440.8370000000        11.6070000000   1030
      631.9770000000       157.5040000000         8.6460000000   1031
      631.9540000000       337.2120000000         7.5680000000   1032
      631.9780000000       358.4980000000        11.4950000000   1033
      632.6070000000       146.1430000000         7.6050000000   1034
      633.5740000000       448.2150000000        11.6100000000   1035
      635.4070000000       378.1620000000        30.9220000000   1036
      635.9820000000       118.5890000000        17.5900000000   1037
      636.2890000000       352.8210000000         8.1800000000   1038
      638.0560000000       384.9630000000        12.1030000000   1039
      638.4230000000       144.6740000000        10.3300000000   1040
      640.2160000000       153.6630000000        16.8940000000   1041
      640.7060000000       128.5640000000        18.6230000000   1042
      645.4520000000       389.5990000000        30.6860000000   1043
      647.0380000000       148.5720000000        10.6350000000   1044
      650.2950000000       169.9660000000        11.2980000000   1045
      654.4570000000       419.0990000000        11.7410000000   1046
      657.5580000000       151.6780000000        17.4230000000   1047
      662.0410000000       385.8520000000         9.4700000000   1048
      662.1610000000       387.0230000000        22.5170000000   1049
      662.0770000000       444.7920000000        11.6280000000   1050
      664.3610000000       367.8190000000        11.8220000000   1051
      664.9260000000       175.5030000000         9.5280000000   1052
      665.8210000000       429.0600000000        19.5130000000   1053
      669.6480000000       427.1120000000        41.1400000000   1054
      670.5650000000       407.9920000000        32.1240000000   1055
      673.9340000000       377.5920000000        26.2930000000   1056
      677.4420000000       368.4030000000        11.1030000000   1057
      678.6460000000       430.9450000000         9.9990000000   1058
      679.4330000000       409.1630000000        26.4370000000   1059
      683.7480000000       424.5530000000         9.0100000000   1060
      684.9380000000       361.2060000000         6.5740000000   1061
      684.8390000000       432.1740000000        29.2470000000   1062
      685.3750000000       408.2750000000         5.7100000000   1063
      685.2020000000       413.9340000000         6.9880000000   1064
      685.9740000000       436.0240000000        11.0840000000   1065
      688.5510000000       334.4440000000        10.2100000000   1066
      692.2720000000       347.7040000000        10.3250000000   1067
      694.9860000000       413.4680000000         9.0580000000   1068
      695.6220000000       325.3280000000         6.5550000000   1069
      696.1040000000       331.2340000000         9.7110000000   1070
      696.9590000000       436.2720000000        10.8080000000   1071
      697.1170000000       397.2070000000         2.6400000000   1072
      698.5370000000       380.1560000000        14.5290000000   1073
      701.9740000000       365.3950000000        12.6860000000   1074
      703.2960000000       346.5270000000         8.3070000000   1075
      703.5080000000       419.3140000000        14.4330000000   1076
      127.0910000000       286.8610000000       114.3590000000   1077
      132.8820000000       460.2950000000        66.7490000000   1078
      136.2870000000       510.7000000000       139.1350000000   1079
      153.5670000000       381.8050000000        70.5000000000   1080
      158.5300000000       446.2380000000        59.6860000000   1081
      167.0810000000       428.8470000000        61.9910000000   1082
      182.7990000000       406.7240000000        57.0200000000   1083
      221.0730000000       214.6840000000        66.3570000000   1084
      227.9770000000       416.7460000000        60.0950000000   1085
      260.3790000000       474.3460000000        35.7370000000   1086
      297.8800000000       160.7750000000        76.2210000000   1087
      298.4240000000       421.1490000000        53.1380000000   1088
      303.5980000000       317.4730000000        29.2040000000   1089
      305.4130000000       402.2720000000        37.1070000000   1090
      311.3580000000       410.8420000000        19.8880000000   1091
      345.5250000000       296.3200000000        24.9020000000   1092
      347.3860000000       295.6610000000        23.9620000000   1093
      362.8420000000       567.8800000000        72.6230000000   1094
      406.4780000000       388.6730000000        30.0500000000   1095
      412.4910000000       182.7520000000        11.3610000000   1096
      420.8970000000       380.1920000000        29.9210000000   1097
      422.8930000000       418.2170000000        15.2750000000   1098
      425.9880000000       392.5090000000        13.0570000000   1099
      440.6880000000       288.8790000000         9.5820000000   1100
      445.3440000000       385.9680000000        24.5260000000   1101
      462.8220000000       230.2420000000        23.1760000000   1102
      463.8680000000       230.6820000000        22.5130000000   1103
      510.5860000000       401.6270000000        34.6350000000   1104
      571.6500000000       168.5240000000        14.5430000000   1105
      575.9500000000       406.3220000000         6.7570000000   1106
      653.7360000000       389.1620000000        12.6160000000   1107
      656.5110000000       407.2580000000        16.4270000000   1108
      660.2870000000       419.2150000000        12.0400000000   1109
