      142.2300000000       287.5900000000        83.2940000000      0
      144.9620000000       282.8060000000        67.0150000000      1
      149.0270000000       295.5020000000        65.2820000000      2
      151.3790000000       272.8970000000        62.7140000000      3
      152.5490000000       320.6390000000        74.9770000000      4
      154.5550000000       247.4430000000        61.6950000000      5
      156.9980000000       305.7820000000        71.1410000000      6
      167.7050000000       315.1720000000        58.9950000000      7
      168.5920000000       306.1470000000        62.9090000000      8
      169.0980000000       301.7410000000        60.5910000000      9
      169.3050000000       324.0660000000        84.5890000000     10
      172.2740000000       244.6610000000        73.1070000000     11
      172.8310000000       307.6880000000        85.0860000000     12
      174.1780000000       331.3470000000        86.2900000000     13
      175.0040000000       346.9450000000        71.6670000000     14
      176.0940000000       236.6630000000        68.2560000000     15
      176.1250000000       318.0910000000        81.2820000000     16
      178.5000000000       268.8760000000        49.9430000000     17
      178.1980000000       349.0680000000        59.3940000000     18
      178.9080000000       296.3420000000        55.5760000000     19
      178.7240000000       384.7340000000        85.0430000000     20
      180.7130000000       389.8540000000        64.2170000000     21
      180.8890000000        58.7790000000        17.5540000000     22
      181.0890000000       232.5180000000        73.1180000000     23
      180.8420000000       333.7340000000        72.7180000000     24
      181.8320000000       413.7730000000        86.1590000000     25
      182.4250000000       211.4960000000        15.2160000000     26
      183.0380000000       316.4690000000        23.1120000000     27
      183.6430000000       235.0310000000        51.9680000000     28
      183.9660000000       357.1180000000        77.3400000000     29
      184.7380000000       299.8900000000        81.5700000000     30
      184.9600000000       455.2750000000        81.9370000000     31
      185.3310000000       315.7560000000        56.3520000000     32
      185.4250000000       377.0610000000        66.2480000000     33
      186.3160000000       208.7460000000        15.8260000000     34
      186.7430000000       299.5960000000        41.0640000000     35
      187.2710000000       337.7310000000        82.3130000000     36
      187.5180000000       265.4520000000        23.0360000000     37
      188.1150000000       279.6320000000        47.8620000000     38
      188.4420000000       225.8170000000        66.1520000000     39
      188.3920000000       310.7570000000        39.7170000000     40
      188.7300000000       277.8650000000        75.4090000000     41
      188.7100000000       336.6340000000        54.4020000000     42
      188.9550000000       354.7940000000        61.0960000000     43
      189.4030000000       298.4330000000        69.7460000000     44
      189.5840000000       239.1490000000        73.0550000000     45
      189.9290000000       287.4530000000        80.7570000000     46
      191.1260000000       326.8160000000        47.0540000000     47
      191.8400000000        85.6410000000        18.5060000000     48
      191.9120000000       340.0980000000        41.4170000000     49
      192.0240000000       395.2620000000        88.3950000000     50
      192.4820000000       135.2170000000        20.5920000000     51
      192.4220000000       245.6170000000        70.0170000000     52
      192.6330000000       285.4090000000        28.5050000000     53
      192.9990000000       320.7380000000        55.3650000000     54
      193.3990000000       213.6400000000        50.6000000000     55
      193.4020000000       443.7830000000        77.7930000000     56
      193.7400000000       423.0860000000        61.7650000000     57
      194.2210000000       226.8530000000        65.1150000000     58
      194.4300000000       245.4320000000        47.2420000000     59
      194.4700000000       298.0450000000        77.8230000000     60
      195.0750000000       312.3340000000        40.7920000000     61
      196.3940000000       285.5040000000        37.8130000000     62
      196.8380000000       346.8600000000        27.3690000000     63
      197.2820000000       256.0180000000        70.7600000000     64
      197.1040000000       355.0630000000        64.0240000000     65
      197.6270000000       379.0420000000        89.8110000000     66
      198.4600000000       325.9070000000        73.2650000000     67
      198.6800000000       371.0720000000        70.8570000000     68
      199.0650000000       326.5960000000        34.8910000000     69
      200.2580000000       248.1840000000        36.0790000000     70
      200.7050000000       217.8770000000        55.3330000000     71
      200.7250000000       313.5960000000        44.3000000000     72
      201.0570000000       331.3380000000        63.2700000000     73
      201.4660000000        88.5380000000        13.9110000000     74
      201.3340000000       301.7680000000        52.9220000000     75
      201.5870000000        38.0750000000        25.3770000000     76
      201.8190000000       241.4700000000        17.2570000000     77
      201.6350000000       470.0820000000       100.0400000000     78
      202.1840000000        47.6380000000        22.7970000000     79
      202.1040000000       383.8220000000        85.6390000000     80
      202.8600000000       234.6770000000        18.9910000000     81
      202.9520000000       307.9230000000        43.8040000000     82
      203.0310000000       227.8500000000        42.1790000000     83
      203.5320000000       368.5170000000        70.9540000000     84
      203.6240000000       436.4380000000        71.2600000000     85
      204.4910000000       169.3770000000        32.3190000000     86
      204.3740000000       223.3940000000        33.3630000000     87
      205.6580000000       247.8240000000        25.7140000000     88
      205.3770000000       416.5860000000        66.6830000000     89
      205.6210000000       437.2700000000        83.8430000000     90
      207.5460000000       194.3950000000        10.7010000000     91
      207.3020000000       200.9000000000        49.4960000000     92
      207.3640000000       325.9260000000        88.4700000000     93
      208.3030000000       279.4230000000        65.5850000000     94
      208.0860000000       292.5760000000        71.1620000000     95
      208.8810000000       314.4650000000        75.8740000000     96
      208.7850000000       438.0890000000        72.5520000000     97
      209.2270000000       164.7240000000        37.0930000000     98
      209.1500000000       191.2320000000        36.6570000000     99
      209.4710000000       433.7920000000        56.2520000000    100
      210.5420000000       415.0210000000        67.7400000000    101
      211.0030000000        96.5040000000        14.2660000000    102
      212.1140000000       524.4760000000        91.9420000000    103
      212.2830000000       221.4140000000        63.8630000000    104
      213.0750000000       231.4890000000        68.0340000000    105
      213.2910000000        58.5860000000        22.9430000000    106
      214.3210000000       252.3390000000        74.5650000000    107
      214.5740000000       452.2790000000        95.8230000000    108
      215.0720000000       376.3090000000        45.3620000000    109
      215.3660000000       476.8580000000        79.9080000000    110
      215.7890000000        46.8130000000        22.0080000000    111
      215.8150000000       219.0030000000        27.0350000000    112
      215.4340000000       395.0770000000        80.3360000000    113
      216.1740000000        83.3060000000        18.2540000000    114
      215.9420000000       183.1400000000        27.9660000000    115
      216.0480000000       205.0970000000        59.5270000000    116
      216.1750000000       278.9320000000        64.9710000000    117
      215.9310000000       468.4050000000        49.4140000000    118
      217.0970000000       517.5270000000       102.5260000000    119
      217.4010000000       319.1760000000        78.6080000000    120
      217.5810000000       335.4260000000        35.5240000000    121
      217.5380000000       353.9630000000        48.4810000000    122
      217.2650000000       425.8860000000        83.5870000000    123
      217.9980000000       406.4080000000        69.3160000000    124
      217.8950000000       407.5200000000        40.0810000000    125
      217.9810000000       461.2820000000        99.7630000000    126
      218.6300000000       308.3650000000        71.0350000000    127
      219.0940000000       223.0980000000        11.7800000000    128
      219.1200000000       114.4920000000        47.7460000000    129
      219.1180000000       420.5460000000        84.6370000000    130
      220.2110000000       328.7670000000        71.7310000000    131
      220.2420000000       513.7550000000        98.9410000000    132
      220.6700000000       476.7290000000        80.9090000000    133
      221.0350000000       175.6300000000        48.8200000000    134
      222.7320000000       180.1290000000        28.6530000000    135
      222.4080000000       344.8220000000        75.3550000000    136
      222.5560000000       455.2390000000        89.6520000000    137
      222.7210000000       525.1860000000       110.5470000000    138
      224.1570000000       389.8130000000        77.8840000000    139
      224.0610000000       524.4340000000        95.5860000000    140
      224.6110000000       259.7290000000        70.7930000000    141
      224.8220000000       132.0520000000        10.6810000000    142
      225.0280000000       162.0500000000         4.9430000000    143
      224.9100000000       219.4360000000        34.3180000000    144
      224.8060000000       222.0560000000        60.1160000000    145
      224.9500000000       315.8320000000        70.5830000000    146
      224.9490000000       479.7510000000        84.3620000000    147
      225.1630000000       230.6870000000        63.8870000000    148
      225.6580000000       128.1500000000        41.0190000000    149
      225.6920000000       462.4970000000        73.9440000000    150
      226.2370000000       171.5690000000         7.4250000000    151
      226.1270000000       511.3000000000       105.8570000000    152
      226.1850000000       513.5220000000        81.5060000000    153
      226.8250000000       212.5010000000        35.8300000000    154
      226.6270000000       331.2600000000        74.9470000000    155
      227.8250000000       402.4680000000        48.8950000000    156
      228.2110000000       145.9350000000        36.0300000000    157
      227.9700000000       292.8440000000        74.9910000000    158
      229.0480000000       113.3540000000        38.4150000000    159
      229.1130000000       277.5080000000        38.3040000000    160
      229.9060000000       225.0200000000        29.2410000000    161
      230.4440000000       335.6300000000        39.1190000000    162
      230.2300000000       370.8450000000        78.5220000000    163
      230.3840000000       418.1340000000        33.9160000000    164
      230.2330000000       432.0230000000        33.8070000000    165
      230.9750000000       212.3620000000        18.0920000000    166
      230.7940000000       403.0760000000        76.9480000000    167
      230.7330000000       464.4670000000        79.4140000000    168
      232.1370000000       118.2130000000        11.0080000000    169
      232.2490000000       322.8200000000        75.1530000000    170
      232.9650000000       260.7890000000        10.8560000000    171
      233.0760000000       306.9490000000        40.6220000000    172
      233.0190000000       460.5790000000        81.1670000000    173
      233.4830000000       234.3110000000        22.1490000000    174
      233.5140000000       365.6590000000        33.0620000000    175
      233.7910000000       452.2720000000        70.9010000000    176
      235.7150000000       463.3630000000        65.6930000000    177
      236.6380000000        37.8880000000        25.9710000000    178
      236.9270000000       281.5440000000        16.6430000000    179
      236.7340000000       434.5550000000        89.3590000000    180
      237.3230000000       312.2660000000        82.5170000000    181
      237.1620000000       347.7140000000        81.8530000000    182
      237.3810000000       409.6340000000        32.7470000000    183
      238.5680000000       189.0770000000        19.6270000000    184
      239.0720000000       303.7950000000        31.4900000000    185
      239.6190000000       146.8520000000        34.7430000000    186
      239.5630000000       203.7090000000         9.1230000000    187
      240.0120000000       532.2950000000       109.3230000000    188
      240.5110000000       511.4570000000        88.6710000000    189
      241.1150000000       454.5230000000        95.4990000000    190
      242.9010000000       175.6460000000        53.7760000000    191
      242.9350000000       193.1830000000        19.5050000000    192
      242.8850000000       320.1110000000        58.8800000000    193
      243.1050000000       200.1580000000         8.0230000000    194
      243.3950000000       442.2740000000        47.0770000000    195
      244.1380000000       481.5900000000        60.1310000000    196
      245.8440000000       346.3180000000        19.6300000000    197
      246.3830000000       284.7780000000        14.5250000000    198
      246.7460000000       450.9860000000        92.1690000000    199
      246.5580000000       475.1160000000        95.0260000000    200
      246.8190000000       480.5550000000        42.0630000000    201
      247.3600000000       238.6730000000        66.8370000000    202
      247.4340000000       396.5630000000        24.6250000000    203
      247.9710000000       506.3870000000       103.8880000000    204
      248.4720000000       354.9380000000        86.1360000000    205
      248.4140000000       522.6710000000        99.5090000000    206
      249.0010000000       424.1950000000        85.2250000000    207
      249.9120000000       268.1500000000        65.1090000000    208
      249.9930000000       312.0780000000        72.3820000000    209
      249.5980000000       524.6690000000        90.1680000000    210
      250.2700000000       493.7700000000        57.4760000000    211
      250.2910000000       501.2370000000        60.8950000000    212
      252.2460000000       258.7760000000        75.0110000000    213
      252.1710000000       332.5710000000        78.3320000000    214
      252.4910000000        31.5760000000         9.6440000000    215
      252.6810000000       344.6140000000        75.7480000000    216
      252.5330000000       474.0210000000        62.8390000000    217
      253.2050000000       173.6580000000        48.8490000000    218
      254.0770000000       461.5540000000        89.7600000000    219
      253.9930000000       485.5230000000       104.1160000000    220
      254.2210000000       520.3840000000        94.2470000000    221
      255.4980000000       213.2920000000        60.6590000000    222
      255.6720000000       523.1460000000       110.3460000000    223
      256.0320000000       309.1160000000        27.1020000000    224
      256.5610000000       253.7690000000        70.8980000000    225
      256.7800000000       440.0110000000        56.3380000000    226
      257.0790000000       397.8160000000        42.6890000000    227
      257.6840000000       351.1130000000        78.0220000000    228
      259.0070000000       270.2490000000        38.7620000000    229
      260.0060000000       338.7850000000        25.0540000000    230
      260.6790000000       302.9590000000        26.9230000000    231
      261.0520000000       537.2690000000       105.1820000000    232
      261.9790000000       172.5170000000        39.5670000000    233
      261.8290000000       566.5090000000       101.4330000000    234
      262.1230000000        43.4110000000        17.7710000000    235
      262.5500000000       104.0150000000        17.8150000000    236
      262.9130000000       177.2930000000        37.0100000000    237
      262.7320000000       395.5840000000        54.6380000000    238
      262.7210000000       463.9030000000        67.7190000000    239
      262.7200000000       570.6130000000        70.5920000000    240
      262.9990000000       368.5060000000        20.5820000000    241
      263.4720000000       559.0040000000       111.1650000000    242
      263.9800000000       250.2700000000         7.3770000000    243
      264.1270000000       336.1100000000        67.8280000000    244
      264.8750000000       321.4360000000        66.2580000000    245
      264.8830000000       466.9360000000        81.0670000000    246
      265.3670000000       435.6890000000        91.1900000000    247
      266.5680000000       319.8110000000        75.9350000000    248
      267.0130000000       199.9490000000        48.8600000000    249
      266.6730000000       411.5330000000        51.7980000000    250
      267.1390000000       412.6200000000        78.4980000000    251
      267.1720000000       537.5140000000       112.2850000000    252
      267.8250000000       204.5550000000         7.4070000000    253
      268.2020000000       212.1490000000        44.2920000000    254
      268.4500000000       400.4010000000        41.4940000000    255
      268.2140000000       439.8910000000        39.7230000000    256
      268.2370000000       546.6400000000        93.6810000000    257
      268.9460000000       146.4810000000         6.3250000000    258
      268.9480000000       172.1320000000        39.7410000000    259
      269.2720000000       558.0360000000       111.1410000000    260
      269.6010000000       380.2900000000        77.4610000000    261
      269.5250000000       519.9130000000       110.7790000000    262
      269.5650000000       540.0970000000        92.4570000000    263
      270.2270000000       293.1710000000        31.0550000000    264
      270.3210000000       348.1390000000        16.9590000000    265
      271.6630000000       265.3030000000        63.9990000000    266
      271.5060000000       383.1680000000        42.4030000000    267
      271.5630000000       422.6680000000        78.9460000000    268
      271.4960000000       568.9730000000       107.4850000000    269
      271.7190000000       388.7040000000        41.7640000000    270
      272.0410000000       549.3250000000       106.7510000000    271
      272.4430000000       133.6460000000        10.7130000000    272
      272.4530000000       255.9160000000         9.5440000000    273
      272.4180000000       430.3870000000        97.4050000000    274
      273.2710000000       558.0950000000       119.3920000000    275
      273.9020000000       155.1460000000        38.6480000000    276
      274.6000000000       363.8680000000        73.5680000000    277
      275.0490000000        62.1430000000        16.5990000000    278
      274.9300000000       376.6600000000        21.3070000000    279
      275.6060000000       328.6020000000        80.9560000000    280
      275.5200000000       452.1370000000        37.6540000000    281
      276.1260000000       278.5930000000        37.9100000000    282
      275.8940000000       383.8670000000        82.8160000000    283
      276.8970000000        22.1570000000        10.7570000000    284
      277.6590000000       463.4690000000        93.6740000000    285
      277.8440000000       473.7860000000        98.6520000000    286
      278.4330000000       210.8190000000        49.1930000000    287
      278.8910000000       578.2500000000       104.9160000000    288
      279.4350000000       456.3290000000        85.9660000000    289
      280.1870000000       493.9800000000        98.8680000000    290
      280.9010000000       151.5970000000        24.7520000000    291
      280.9320000000        73.2500000000        12.6860000000    292
      281.1390000000       416.9540000000        87.8100000000    293
      281.5880000000       170.2140000000        14.3440000000    294
      281.7610000000       279.2250000000        38.3830000000    295
      281.9060000000       522.2330000000        95.5020000000    296
      282.7280000000       246.2030000000        52.9750000000    297
      283.2480000000       271.0540000000        62.6600000000    298
      284.0090000000       438.3600000000        90.3060000000    299
      284.4590000000       158.4680000000        26.1970000000    300
      284.5380000000       260.6770000000        10.4360000000    301
      284.3310000000       492.3210000000        48.4790000000    302
      284.6370000000       439.7510000000        34.0860000000    303
      284.9600000000       483.4920000000       100.7230000000    304
      285.4720000000       392.5000000000        43.9840000000    305
      285.1100000000       443.7470000000        89.3490000000    306
      286.2830000000       281.0640000000        42.1820000000    307
      286.9010000000       260.7880000000        54.1090000000    308
      286.9080000000       462.9070000000        87.2450000000    309
      287.6730000000       290.5400000000        13.5430000000    310
      287.4540000000       509.5280000000       100.1630000000    311
      287.6940000000       517.0060000000       103.5030000000    312
      287.4150000000       553.6800000000        70.1890000000    313
      289.5350000000       256.1800000000        11.4340000000    314
      289.5290000000       357.7460000000        52.1790000000    315
      289.4290000000       575.4450000000        83.4850000000    316
      290.1270000000       439.4320000000        34.2850000000    317
      289.7700000000       496.9310000000        77.3770000000    318
      289.9630000000       572.5780000000        65.4160000000    319
      290.6950000000       456.1430000000        90.6810000000    320
      292.1970000000       280.9660000000        54.5260000000    321
      293.2510000000       581.2460000000       115.9430000000    322
      293.4360000000       413.3960000000        58.1200000000    323
      294.2630000000       207.8190000000        17.3500000000    324
      294.6310000000       366.0490000000        76.3420000000    325
      294.8110000000       344.4690000000        75.0840000000    326
      295.9190000000       349.0900000000        60.3910000000    327
      295.8570000000       468.9460000000        95.4550000000    328
      295.8910000000       471.6390000000        82.3580000000    329
      296.2420000000       527.8650000000       108.6670000000    330
      297.4160000000       589.2800000000       108.1940000000    331
      297.5330000000       357.9750000000        44.3840000000    332
      297.6560000000       471.1710000000        61.9060000000    333
      297.9760000000       133.6120000000        14.8310000000    334
      299.0100000000       308.6910000000        14.6370000000    335
      300.1220000000       169.9550000000        18.1270000000    336
      301.0230000000       543.9910000000       117.8290000000    337
      302.1720000000       334.2470000000        57.5850000000    338
      303.1860000000       479.2520000000       103.0020000000    339
      303.4910000000       555.3210000000        67.5910000000    340
      303.2210000000       589.7140000000       122.6530000000    341
      303.7480000000       382.5870000000        21.2530000000    342
      303.6160000000       428.7520000000        94.8970000000    343
      303.5720000000       457.4030000000        81.2050000000    344
      304.0190000000       352.6140000000        64.5680000000    345
      304.3860000000       517.9360000000       103.8820000000    346
      305.2550000000       253.8710000000        26.6990000000    347
      306.3850000000       268.9530000000        15.1180000000    348
      306.4530000000       416.6540000000        83.5520000000    349
      306.7910000000       174.4750000000        14.1710000000    350
      307.1040000000       241.8020000000        14.3340000000    351
      307.3880000000       360.0880000000        21.9520000000    352
      307.2830000000       602.9600000000       112.3260000000    353
      308.4940000000       470.6050000000       102.3370000000    354
      308.3010000000       526.2900000000        54.5020000000    355
      308.8460000000       368.7870000000        64.7750000000    356
      311.0210000000       431.5990000000        69.4510000000    357
      311.1370000000       443.0340000000        33.6160000000    358
      311.9710000000       196.6160000000        13.3940000000    359
      311.9640000000       508.5900000000       102.1910000000    360
      312.5790000000       350.1730000000        20.0360000000    361
      313.1150000000       587.6990000000        83.8980000000    362
      313.2750000000       396.7070000000        29.0170000000    363
      313.3290000000       443.4910000000        91.8660000000    364
      313.6050000000       577.7080000000        74.7870000000    365
      314.3150000000       100.2990000000        12.6390000000    366
      315.7160000000       287.1990000000        13.7430000000    367
      316.1630000000       300.4890000000        50.1340000000    368
      317.1460000000       392.9740000000        29.8860000000    369
      317.5930000000       591.1820000000        76.5740000000    370
      320.5430000000       355.9730000000        31.3610000000    371
      320.1790000000       401.9350000000        79.3560000000    372
      320.2870000000       460.0730000000        95.8100000000    373
      320.3600000000       558.3400000000        64.6080000000    374
      320.6390000000       201.2230000000        12.9350000000    375
      321.3240000000       508.1950000000       112.3930000000    376
      321.6720000000       535.8960000000       115.5780000000    377
      322.0800000000       339.7300000000        19.0240000000    378
      322.8340000000       496.3580000000        49.6800000000    379
      322.9260000000       387.2890000000        68.3140000000    380
      322.9600000000       521.7800000000       108.6040000000    381
      323.5470000000       450.6900000000        35.5490000000    382
      324.0320000000       386.9990000000        34.3470000000    383
      326.3730000000       415.8020000000        82.8550000000    384
      326.5730000000       412.3760000000        77.6450000000    385
      326.6000000000       508.4220000000        98.6460000000    386
      327.4290000000       540.6320000000       114.7280000000    387
      327.9630000000       365.6520000000        60.6380000000    388
      328.1930000000       595.9560000000       120.2320000000    389
      328.0910000000       623.6940000000       124.6770000000    390
      329.1420000000       423.1000000000        38.8430000000    391
      328.9680000000       528.5960000000       115.2420000000    392
      329.7600000000       578.2760000000       109.8400000000    393
      329.4620000000       638.5160000000       104.4250000000    394
      330.0680000000       590.9280000000        77.1470000000    395
      330.6080000000       450.5550000000        45.2240000000    396
      331.3890000000       366.9270000000        56.8680000000    397
      331.4700000000       403.3630000000        67.8530000000    398
      331.8600000000       643.3080000000       104.2550000000    399
      332.8970000000       477.1450000000        91.1920000000    400
      332.9020000000       488.6970000000        91.7060000000    401
      332.8450000000       614.0650000000        97.3290000000    402
      334.7450000000       521.4640000000        53.0160000000    403
      334.8150000000       559.6600000000        67.8560000000    404
      334.9480000000       567.1560000000        70.3430000000    405
      336.3090000000       513.6810000000       112.0440000000    406
      336.5240000000       546.6400000000       120.8600000000    407
      337.2220000000       507.8020000000       112.8290000000    408
      338.7260000000       377.3500000000        50.0310000000    409
      339.0680000000       524.0330000000       115.8570000000    410
      340.1710000000       520.2890000000        54.1040000000    411
      341.6690000000       197.1350000000        14.8210000000    412
      342.0150000000       474.5310000000        53.4330000000    413
      345.3830000000       635.8380000000       127.0900000000    414
      345.7000000000       588.9520000000        83.7950000000    415
      345.6810000000       610.4010000000        92.3570000000    416
      346.7100000000       474.0000000000        93.2680000000    417
      347.8040000000       527.1470000000       113.4960000000    418
      349.1640000000       540.5480000000       112.5120000000    419
      352.0640000000       489.8040000000        89.2930000000    420
      352.7400000000       504.7980000000        76.2660000000    421
      361.0790000000       502.1210000000        81.2600000000    422
      365.9960000000       609.1960000000        88.2890000000    423
      367.3260000000       171.4100000000        15.7660000000    424
      367.9230000000       621.3190000000        98.7500000000    425
      369.3510000000       632.0180000000       106.3640000000    426
      371.6590000000       665.1530000000       114.0840000000    427
      373.5770000000       551.3230000000       111.1520000000    428
      378.9490000000       659.1010000000       110.2830000000    429
      380.5580000000       444.3240000000        41.2190000000    430
      387.6090000000       562.7440000000       116.6540000000    431
      391.2690000000       368.6310000000        25.8750000000    432
      398.4230000000       546.8590000000        59.2880000000    433
      400.1100000000       375.1450000000        29.3810000000    434
      401.1900000000       326.9530000000        34.2260000000    435
      402.8820000000       496.4840000000        58.7430000000    436
      404.6130000000       490.5000000000        77.5270000000    437
      406.3720000000       588.5150000000        77.7970000000    438
      408.1550000000       500.0070000000        86.3850000000    439
      408.7410000000       509.9730000000        88.0730000000    440
      409.3920000000       456.8560000000        44.0750000000    441
      409.8670000000       403.6790000000        38.1980000000    442
      412.7220000000       423.0130000000        62.4260000000    443
      415.4270000000       621.5770000000        99.1540000000    444
      415.8910000000       623.3410000000       123.8190000000    445
      416.0170000000       658.3940000000       104.4100000000    446
      416.3380000000       228.8760000000        12.2650000000    447
      416.9080000000       663.9730000000       108.9450000000    448
      417.3940000000       193.3530000000        12.2130000000    449
      417.5820000000       531.3930000000       108.9140000000    450
      418.2070000000       641.0340000000       103.5650000000    451
      421.6940000000       120.0860000000        21.4940000000    452
      422.7400000000       367.2380000000        68.6730000000    453
      423.3250000000       462.0210000000        90.5730000000    454
      423.7440000000       192.0030000000        11.6610000000    455
      423.5050000000       346.3180000000        56.2280000000    456
      423.6180000000       439.0920000000        78.8900000000    457
      423.6340000000       577.1520000000        74.8190000000    458
      423.9290000000       507.6630000000        57.6890000000    459
      425.3120000000       315.6950000000        13.2410000000    460
      425.8410000000       471.5380000000        94.5500000000    461
      427.7050000000       425.6070000000        40.9590000000    462
      427.7920000000       451.1330000000        77.7970000000    463
      427.6880000000       658.3300000000       121.2040000000    464
      429.3040000000       217.1140000000        13.7640000000    465
      429.0700000000       525.7150000000       116.1720000000    466
      429.5840000000       282.4030000000        19.1720000000    467
      429.6140000000       526.0480000000        58.5350000000    468
      430.6140000000       456.1410000000        55.3740000000    469
      431.7860000000       601.3100000000        93.7940000000    470
      432.3320000000       324.1570000000        65.5910000000    471
      432.4470000000       515.1880000000        56.1700000000    472
      432.3780000000       531.0600000000       113.7670000000    473
      432.2580000000       633.3740000000        99.6950000000    474
      432.7170000000       204.5580000000        46.2700000000    475
      433.3620000000       205.9560000000        23.2010000000    476
      434.2850000000       289.0880000000        58.6360000000    477
      435.3680000000       340.3970000000        40.6920000000    478
      435.8360000000       464.7790000000       100.0100000000    479
      436.6830000000       369.4580000000        74.6890000000    480
      436.3780000000       578.3120000000        81.5280000000    481
      437.1090000000       469.8030000000        98.6910000000    482
      437.7070000000       331.8800000000        68.8410000000    483
      438.1220000000         5.3110000000        24.3330000000    484
      438.3640000000       148.2880000000        29.3040000000    485
      438.2610000000       333.4680000000        59.3850000000    486
      438.2790000000       524.6070000000       111.6820000000    487
      438.9960000000       409.7630000000        66.6090000000    488
      438.8730000000       427.0450000000        87.2260000000    489
      440.8890000000       119.2800000000        43.7210000000    490
      440.8580000000       294.9080000000        17.1500000000    491
      440.6090000000       340.9240000000        37.5990000000    492
      440.7820000000       414.6940000000        87.5950000000    493
      440.6790000000       528.8100000000       113.9750000000    494
      441.0000000000       360.1320000000        73.1160000000    495
      441.8510000000       275.2670000000        12.4170000000    496
      441.4490000000       437.1790000000        86.7290000000    497
      441.8470000000       490.9160000000       106.2660000000    498
      442.3100000000       104.4860000000        16.8160000000    499
      443.0930000000        43.9730000000        21.0970000000    500
      443.3070000000       218.3610000000        41.9790000000    501
      443.3320000000       336.2760000000        21.4900000000    502
      443.2940000000       360.4640000000        26.1170000000    503
      443.6120000000       391.8560000000        25.1540000000    504
      443.9000000000       218.0050000000        10.0880000000    505
      444.4280000000       237.2090000000        13.5130000000    506
      445.2560000000       140.3470000000        15.4520000000    507
      445.2300000000       336.6230000000        51.4860000000    508
      445.1990000000       535.2980000000        88.0750000000    509
      445.7600000000       600.2470000000       119.8520000000    510
      446.2170000000       490.8330000000        54.0890000000    511
      446.7580000000       287.8310000000        62.1640000000    512
      446.9150000000       311.4180000000        56.6970000000    513
      447.7140000000       262.9840000000        66.3130000000    514
      448.2620000000       558.2610000000        73.2980000000    515
      449.0130000000       476.4620000000        50.6150000000    516
      449.3440000000       547.4570000000        66.7170000000    517
      450.1040000000        64.0510000000        17.3030000000    518
      449.9210000000       455.2660000000       105.5920000000    519
      450.3840000000       326.5430000000        16.9840000000    520
      450.2480000000       395.2260000000        84.6430000000    521
      450.6160000000       445.2820000000        40.1000000000    522
      450.5240000000       497.9920000000       103.5270000000    523
      451.8710000000       347.7320000000        21.1520000000    524
      452.2770000000       434.6520000000        93.0880000000    525
      452.5110000000       586.9650000000        82.3940000000    526
      453.2770000000       505.2990000000       112.4590000000    527
      453.7880000000       294.7500000000        74.3280000000    528
      454.2210000000       608.8390000000       113.3110000000    529
      454.5200000000       532.3930000000       104.1600000000    530
      455.3760000000       221.7180000000        72.8560000000    531
      457.0870000000       205.9460000000        75.0480000000    532
      456.9620000000       528.1250000000       114.9710000000    533
      457.1120000000       286.7030000000        36.1910000000    534
      457.3250000000       317.5160000000        43.0230000000    535
      458.1120000000       416.6760000000        35.7390000000    536
      459.4890000000       265.7900000000        74.5310000000    537
      459.5530000000       293.9480000000        36.0030000000    538
      460.0220000000       177.5500000000         9.4650000000    539
      460.3980000000       617.8950000000       101.6510000000    540
      460.8670000000       387.9000000000        71.1260000000    541
      460.8810000000       466.1330000000        46.1400000000    542
      461.7150000000       260.4990000000         9.6670000000    543
      461.3220000000       400.4980000000        90.2630000000    544
      461.9430000000       551.9500000000        68.6750000000    545
      462.5000000000        12.3310000000        17.3930000000    546
      462.3670000000       507.6720000000        50.6630000000    547
      462.1880000000       523.7560000000       107.5400000000    548
      463.2360000000       152.3520000000        51.7590000000    549
      464.3650000000       276.9230000000        71.9420000000    550
      464.8390000000       561.9850000000       122.2430000000    551
      465.2490000000       397.7660000000        73.2800000000    552
      465.2560000000       572.2210000000        79.8550000000    553
      465.6030000000       508.7180000000       110.4130000000    554
      466.0320000000       490.1880000000        84.5300000000    555
      467.3400000000       179.6970000000        49.6470000000    556
      467.4720000000       181.7950000000        60.5730000000    557
      467.4170000000       478.1820000000       107.8350000000    558
      468.3640000000       302.2710000000        17.2670000000    559
      468.7790000000       206.9170000000        34.6280000000    560
      469.4710000000        62.7140000000        16.1730000000    561
      469.7630000000       301.9500000000        76.9050000000    562
      469.7260000000       399.5470000000        73.8080000000    563
      469.7060000000       460.0930000000        94.7140000000    564
      470.2020000000       332.4350000000        76.3820000000    565
      470.3390000000       451.9290000000        95.8280000000    566
      470.7070000000        42.3070000000        18.1250000000    567
      470.7270000000       368.5400000000        54.9320000000    568
      470.7790000000       509.8440000000        58.1700000000    569
      471.0750000000       263.9180000000        53.7470000000    570
      471.0080000000       266.6030000000        72.7560000000    571
      471.7670000000       231.6770000000         9.6750000000    572
      473.2440000000       438.5330000000        84.9000000000    573
      474.9350000000       557.5200000000        81.5670000000    574
      475.2210000000       539.3610000000       106.9410000000    575
      475.7690000000        81.9330000000        13.3130000000    576
      475.8280000000       140.5140000000        45.6090000000    577
      476.4430000000       238.6670000000         9.7880000000    578
      476.3330000000       319.9250000000        78.7250000000    579
      476.1800000000       467.8270000000       105.7570000000    580
      476.8110000000       380.1840000000        89.7350000000    581
      477.3060000000        86.2890000000        13.9890000000    582
      477.1900000000       482.4770000000       103.9240000000    583
      477.5900000000       293.9910000000        76.1330000000    584
      477.8520000000       417.1980000000        83.4370000000    585
      478.3000000000       372.9460000000        42.1870000000    586
      478.5910000000       584.9230000000       105.3320000000    587
      478.7940000000       266.8820000000        46.6430000000    588
      479.1970000000       406.8850000000        84.6590000000    589
      478.9880000000       510.8370000000        63.6140000000    590
      479.1160000000       560.0670000000       117.0690000000    591
      479.6950000000       128.3820000000        44.4420000000    592
      479.4030000000       309.9650000000        47.1800000000    593
      480.2150000000       370.3720000000        86.4490000000    594
      481.2210000000       121.4190000000        45.2720000000    595
      481.2330000000       309.2550000000        74.4040000000    596
      481.3430000000       395.0850000000        65.2660000000    597
      481.3970000000       440.9210000000        88.5930000000    598
      481.3260000000       456.6350000000       104.6520000000    599
      481.8840000000       172.5210000000        71.1430000000    600
      481.5880000000       247.7040000000        73.2500000000    601
      483.1290000000        13.2880000000        23.9530000000    602
      483.5420000000       137.6210000000        35.6310000000    603
      483.6240000000       255.5350000000        77.8850000000    604
      483.6700000000       415.4410000000        91.3930000000    605
      483.4470000000       445.6700000000        56.9550000000    606
      484.0960000000        32.2990000000        18.1780000000    607
      484.0680000000       112.3350000000         8.5940000000    608
      484.0880000000       181.7680000000        39.0020000000    609
      485.6980000000       156.9560000000        28.5810000000    610
      485.4700000000       260.8310000000        79.0520000000    611
      485.2950000000       415.1820000000        30.5270000000    612
      485.8840000000       277.8400000000        43.3380000000    613
      486.0580000000       355.1870000000        42.8680000000    614
      486.1150000000       398.8160000000        34.1630000000    615
      486.1230000000       455.8260000000        95.4350000000    616
      486.7960000000        75.7900000000        23.6330000000    617
      486.6530000000       223.7660000000        75.1590000000    618
      487.2120000000       136.7090000000        54.8970000000    619
      487.5160000000       265.2610000000        47.8910000000    620
      487.4960000000       380.8560000000        88.9630000000    621
      488.9100000000       147.9410000000        46.0030000000    622
      488.7570000000       394.3510000000        92.7470000000    623
      488.8740000000       510.6730000000       107.4500000000    624
      489.7820000000       222.2160000000        13.9200000000    625
      490.3150000000        23.0530000000        26.3940000000    626
      490.1380000000       343.4400000000        82.3050000000    627
      491.1870000000       359.6530000000        86.3650000000    628
      493.2070000000       201.5580000000        29.0530000000    629
      493.1860000000       311.6160000000        58.8830000000    630
      493.5670000000       230.0150000000        77.8650000000    631
      495.3070000000       350.1480000000        50.9500000000    632
      495.7870000000         6.1760000000        21.5230000000    633
      495.9240000000       436.9540000000        58.5860000000    634
      496.6600000000       156.9000000000        42.3390000000    635
      496.7650000000       179.1560000000        49.6720000000    636
      496.3900000000       387.6230000000        34.7320000000    637
      496.8410000000       122.0280000000        17.7930000000    638
      496.9790000000       218.2180000000        30.5350000000    639
      497.0510000000       295.9870000000        81.8080000000    640
      497.4740000000       223.3370000000        29.4110000000    641
      497.5470000000       350.6490000000        66.7440000000    642
      497.3140000000       402.3970000000        34.2720000000    643
      497.8610000000        95.2420000000        21.1520000000    644
      497.8010000000       193.6610000000        66.0980000000    645
      498.7130000000       215.9780000000        44.1070000000    646
      498.7150000000       219.3090000000        70.4090000000    647
      498.7060000000       553.3050000000       104.2450000000    648
      498.6710000000       563.7190000000       122.0860000000    649
      499.2870000000        81.7320000000        26.9750000000    650
      499.8700000000       481.3010000000       105.2870000000    651
      499.8900000000       532.6440000000       126.4660000000    652
      501.4190000000       194.9340000000        68.8780000000    653
      502.7600000000       160.1510000000        13.3450000000    654
      502.5560000000       171.7320000000        13.2210000000    655
      502.6190000000       329.0400000000        87.7250000000    656
      502.4830000000       396.4830000000        48.0570000000    657
      503.1420000000       263.2690000000        52.1090000000    658
      502.8680000000       278.5420000000        72.8970000000    659
      503.3970000000       250.0840000000        14.3200000000    660
      504.0330000000       171.9480000000        51.5010000000    661
      504.0940000000       319.1070000000        35.0960000000    662
      505.0180000000       229.5790000000        74.5660000000    663
      505.5820000000       261.2420000000        75.1240000000    664
      506.7290000000       415.2780000000        97.6840000000    665
      507.3680000000       382.4570000000        87.2720000000    666
      507.3540000000       399.6400000000        73.7660000000    667
      507.0650000000       502.9700000000        60.0710000000    668
      508.7300000000       362.5380000000        28.1980000000    669
      509.9520000000       350.3130000000        83.1390000000    670
      510.2440000000       172.6480000000        16.1930000000    671
      510.4720000000       185.2490000000        61.1830000000    672
      511.4840000000       443.3390000000        88.7400000000    673
      511.3330000000       523.4060000000        99.2950000000    674
      511.4140000000       535.3210000000        91.7650000000    675
      511.9030000000       163.7380000000        59.9160000000    676
      511.8980000000       397.3860000000        39.7310000000    677
      511.9050000000       491.3880000000        62.2770000000    678
      512.3240000000       258.6870000000        19.5030000000    679
      513.0990000000       280.8620000000        68.5140000000    680
      513.1920000000       338.8920000000        82.3570000000    681
      512.9920000000       351.6050000000        46.4170000000    682
      513.1000000000       497.0640000000       109.3600000000    683
      514.0280000000       291.3950000000        20.4960000000    684
      514.3340000000       123.8170000000        26.5090000000    685
      514.6780000000       176.2180000000        48.9900000000    686
      514.5000000000       536.3110000000       105.2540000000    687
      515.5320000000       368.8750000000        92.1850000000    688
      515.5750000000       481.5140000000       106.3030000000    689
      515.8310000000       321.2080000000        32.2380000000    690
      516.3040000000       262.1670000000        19.4350000000    691
      516.2790000000       546.0440000000       112.7090000000    692
      516.2140000000       556.3150000000        76.7350000000    693
      516.7630000000       206.0550000000        68.7280000000    694
      516.7080000000       506.1440000000       117.3080000000    695
      517.0910000000       313.2360000000        80.9560000000    696
      517.4180000000       446.1320000000        69.8110000000    697
      517.6580000000       525.0000000000       110.2670000000    698
      518.2580000000       469.9830000000        96.8270000000    699
      518.8100000000       274.1130000000        75.4910000000    700
      518.4600000000       494.3700000000        79.9050000000    701
      519.3170000000       247.5540000000        17.9290000000    702
      518.9450000000       398.9950000000        63.2830000000    703
      519.0070000000       453.7140000000        97.3560000000    704
      519.5590000000       266.7140000000        77.2910000000    705
      519.4500000000       343.9730000000        88.3950000000    706
      520.0030000000       329.7060000000        33.8550000000    707
      520.1950000000       343.0010000000        64.0570000000    708
      520.2410000000       448.7840000000        46.0620000000    709
      520.4340000000       177.0310000000        68.9930000000    710
      520.4350000000       335.0380000000        19.9130000000    711
      520.5850000000       390.5540000000        88.0860000000    712
      520.3520000000       477.9000000000       105.2410000000    713
      520.9380000000       488.6820000000        78.5700000000    714
      521.8070000000       208.7170000000        41.4290000000    715
      522.5830000000       441.1980000000        54.6740000000    716
      522.6990000000       403.0850000000        72.5520000000    717
      523.4550000000       207.8210000000        77.0940000000    718
      523.2920000000       253.8850000000        43.2070000000    719
      523.4910000000       469.6370000000        60.9530000000    720
      523.5430000000       177.5580000000        51.1610000000    721
      523.9470000000       251.4560000000        81.2340000000    722
      525.7550000000       351.9430000000        59.2760000000    723
      525.9980000000       345.0530000000        69.3570000000    724
      526.6540000000       196.4190000000        49.3100000000    725
      526.4970000000       217.3620000000        26.9040000000    726
      526.5160000000       265.4760000000        80.1930000000    727
      527.2280000000       206.0010000000        65.9520000000    728
      527.3500000000       305.1580000000        91.1020000000    729
      527.8820000000       444.5280000000        54.4990000000    730
      527.6930000000       519.5600000000        77.1450000000    731
      528.3460000000       409.0340000000        73.7800000000    732
      528.6460000000       402.2880000000        79.9850000000    733
      529.6950000000       441.2470000000       105.0890000000    734
      530.1390000000       214.8600000000        55.4050000000    735
      530.3520000000       235.1180000000        73.2370000000    736
      530.2210000000       369.1460000000        90.3230000000    737
      530.5540000000       352.4820000000        80.4900000000    738
      531.2720000000       335.6370000000        60.3870000000    739
      532.1160000000       348.0670000000        55.0520000000    740
      534.1720000000       344.9530000000        92.3390000000    741
      534.4910000000       453.9100000000        86.7730000000    742
      534.8890000000       287.8640000000        78.7460000000    743
      534.8490000000       355.5730000000        80.8350000000    744
      535.4310000000       306.2010000000        85.1590000000    745
      535.8140000000       260.0670000000        84.0480000000    746
      535.6460000000       267.4160000000        51.3970000000    747
      535.7340000000       495.2440000000       116.5960000000    748
      537.1760000000       281.3820000000        49.0650000000    749
      537.0790000000       423.8940000000        90.5570000000    750
      537.8700000000       240.9260000000        75.8310000000    751
      538.5180000000       476.6800000000       107.1610000000    752
      538.7830000000       212.2530000000        71.2550000000    753
      538.8720000000       291.9550000000        80.9100000000    754
      539.2200000000       446.9820000000        97.4690000000    755
      539.7220000000       502.5230000000        89.2590000000    756
      540.3680000000       312.8830000000        72.7370000000    757
      541.2190000000       247.6870000000        85.7230000000    758
      541.2170000000       275.5620000000        47.6820000000    759
      541.6800000000       287.1150000000        63.9130000000    760
      541.7950000000       426.5920000000        90.0390000000    761
      542.3170000000       295.4790000000        55.8040000000    762
      542.2130000000       357.2010000000        92.2530000000    763
      542.6870000000       232.8770000000        56.3750000000    764
      542.6180000000       448.4150000000        65.0470000000    765
      543.6820000000       251.2550000000        64.6530000000    766
      543.6000000000       369.9690000000        37.2570000000    767
      544.1060000000       375.2510000000        88.5900000000    768
      544.0190000000       410.8120000000        95.0150000000    769
      544.6050000000       392.3190000000        75.5170000000    770
      545.0560000000       279.6340000000        68.3740000000    771
      545.5640000000       273.6840000000        74.0330000000    772
      545.3750000000       426.9910000000        60.0020000000    773
      545.4380000000       472.9620000000       106.1160000000    774
      546.0760000000       320.1350000000        72.8970000000    775
      545.6900000000       323.4350000000        53.5560000000    776
      545.7270000000       352.6110000000        68.5180000000    777
      546.3340000000       223.6830000000        56.9460000000    778
      546.6820000000       488.3590000000        89.4140000000    779
      547.0920000000       475.3900000000        90.2190000000    780
      547.5140000000       498.5380000000       123.4550000000    781
      548.5540000000       447.5570000000        80.2710000000    782
      549.1100000000       320.3100000000        50.9950000000    783
      549.2280000000       357.0730000000        98.2720000000    784
      549.7410000000       281.4770000000        55.3480000000    785
      549.6340000000       289.5130000000        77.8000000000    786
      550.1360000000       421.2310000000        79.5970000000    787
      550.2490000000       426.9550000000       107.2820000000    788
      550.1950000000       472.8830000000       111.3760000000    789
      550.8490000000       461.2670000000        86.4570000000    790
      551.2530000000       324.8450000000        74.0700000000    791
      554.0630000000       252.5740000000        49.3550000000    792
      554.3650000000       276.5110000000        28.5550000000    793
      554.5900000000       280.7870000000        55.4380000000    794
      554.4860000000       319.1050000000        96.5030000000    795
      555.7020000000       486.3830000000       108.9960000000    796
      556.3910000000       268.7050000000        65.1530000000    797
      556.5610000000       347.3230000000        78.1530000000    798
      556.8190000000       233.6310000000        77.0660000000    799
      556.8170000000       247.1030000000        61.2420000000    800
      557.8050000000       245.1500000000        87.9920000000    801
      558.0570000000       333.4030000000        78.9320000000    802
      558.7910000000       233.2520000000        65.2310000000    803
      558.9090000000       388.7300000000        91.1930000000    804
      560.2280000000       226.2240000000        77.9350000000    805
      560.6330000000       476.2740000000       113.9650000000    806
      561.1690000000       273.3940000000        67.4180000000    807
      561.4730000000       401.7210000000        98.0990000000    808
      562.1910000000       278.7640000000        60.3690000000    809
      562.0400000000       400.2490000000        77.2180000000    810
      562.9430000000       317.3350000000        95.3720000000    811
      563.5300000000       234.1380000000        84.5360000000    812
      563.3230000000       259.4770000000        66.0550000000    813
      563.6400000000       342.5270000000        69.8810000000    814
      565.0180000000       451.3930000000       111.3140000000    815
      565.0950000000       293.4580000000        74.7400000000    816
      565.4060000000       372.4480000000        75.1580000000    817
      566.4270000000       241.2680000000        85.7780000000    818
      569.4240000000       234.3240000000        81.9440000000    819
      569.5690000000       353.0510000000        76.1400000000    820
      571.4210000000       282.2390000000        92.3970000000    821
      572.3250000000       303.7600000000        78.3200000000    822
      573.0180000000       411.0360000000        98.5200000000    823
      574.3490000000       249.4840000000        66.1230000000    824
      574.3000000000       288.9370000000        70.8410000000    825
      581.1570000000       255.2990000000        82.4230000000    826
      582.2600000000       305.5950000000        77.8290000000    827
      196.6330000000       262.1050000000        40.1620000000    828
      208.5290000000       333.4480000000        33.3760000000    829
      213.9460000000       357.9990000000        76.1620000000    830
      216.0800000000       485.3040000000        83.5520000000    831
      226.1650000000       115.9370000000        18.9040000000    832
      237.3120000000       108.4290000000        25.7300000000    833
      251.0880000000       328.8930000000        20.8990000000    834
      255.6170000000        37.6490000000        16.7890000000    835
      265.9040000000       397.2610000000        83.4100000000    836
      266.5980000000       409.4730000000        29.4790000000    837
      273.5450000000       264.5930000000        46.7590000000    838
      298.8960000000       576.6590000000       117.2860000000    839
      436.3550000000       151.6880000000        15.6200000000    840
      441.8940000000       121.7090000000        16.0770000000    841
      441.0680000000       462.2690000000        50.3870000000    842
      452.4300000000       595.7960000000       116.3060000000    843
      478.6070000000       294.0510000000        13.9410000000    844
      494.0350000000       111.9870000000        14.6250000000    845
      494.7150000000       114.2350000000        15.6080000000    846
      495.3020000000       122.5370000000        30.5900000000    847
      503.1880000000       518.4510000000       118.4320000000    848
      505.8180000000       430.0290000000        42.5040000000    849
      523.6250000000       410.0000000000        96.5520000000    850
      529.1750000000       290.8010000000        60.6510000000    851
      543.8120000000       407.1100000000        51.0570000000    852
      551.3690000000       333.4420000000        73.3730000000    853
      565.4420000000       309.1270000000        96.2100000000    854
