       11.7450000000       359.9610000000        11.0840000000      0
       25.8810000000       369.9060000000        20.1940000000      1
       26.3440000000       327.5810000000        19.6390000000      2
       42.2670000000       361.4750000000        46.2720000000      3
       43.2880000000       378.6440000000        10.6490000000      4
       44.4230000000       376.7590000000        24.1520000000      5
       49.1630000000       334.0240000000        21.5320000000      6
       49.0780000000       351.6770000000         7.2660000000      7
       58.2610000000       281.8530000000         7.9000000000      8
       66.6250000000       324.2950000000        13.4580000000      9
       67.4910000000       385.1930000000        13.5580000000     10
       69.8250000000       326.7570000000        21.3660000000     11
       70.6360000000       379.0900000000        50.3010000000     12
       72.1440000000       403.4340000000        22.8360000000     13
       74.2150000000       399.4820000000        35.9710000000     14
       77.6660000000       303.0900000000        12.2570000000     15
       82.1850000000       417.6640000000        51.8580000000     16
       83.2900000000       313.5700000000        13.3650000000     17
       84.3540000000       432.5060000000        54.3600000000     18
       88.6930000000       416.4520000000        20.2500000000     19
       90.2340000000       374.8320000000        28.5770000000     20
       92.7940000000       313.3840000000        13.4600000000     21
       93.2280000000       431.4020000000        40.3220000000     22
       94.3450000000       357.7270000000        25.2550000000     23
       95.7740000000       358.4720000000         8.0710000000     24
       97.5570000000       347.4010000000        16.0640000000     25
       97.9620000000       436.3930000000        23.1950000000     26
      105.7470000000       337.4410000000        13.3800000000     27
      111.4670000000       449.9260000000        44.6990000000     28
      111.8880000000       446.9790000000        56.4170000000     29
      113.6700000000       471.8980000000        48.2170000000     30
      113.9800000000       365.6990000000        24.1930000000     31
      113.9950000000       471.5180000000        41.5340000000     32
      113.8980000000       499.6530000000        72.2720000000     33
      114.8470000000       501.2380000000        62.0680000000     34
      115.6170000000       379.7310000000         7.7010000000     35
      118.2970000000       487.3350000000        54.1830000000     36
      118.7980000000       475.6720000000        60.8830000000     37
      119.8860000000       489.3910000000        74.0100000000     38
      123.7100000000       438.3270000000        18.0210000000     39
      124.0870000000       402.1440000000        49.0190000000     40
      125.3550000000       406.0400000000        29.0290000000     41
      125.4920000000       413.3160000000        49.9960000000     42
      127.0100000000       373.8740000000        13.0430000000     43
      127.4870000000       482.2200000000        65.6080000000     44
      127.3330000000       496.3160000000        54.8240000000     45
      127.8480000000       368.9640000000        11.7280000000     46
      128.0730000000       514.2760000000        77.3340000000     47
      129.5080000000       390.8490000000        33.2420000000     48
      130.0010000000       367.0870000000        29.3170000000     49
      132.2500000000       423.3370000000        11.6710000000     50
      131.9860000000       501.3000000000        65.5970000000     51
      132.4650000000       469.1110000000        64.8870000000     52
      133.9730000000       384.5590000000        43.6020000000     53
      136.2200000000       399.4530000000         8.1380000000     54
      139.3120000000       476.6780000000        35.7310000000     55
      138.9300000000       488.1440000000        64.5660000000     56
      141.4370000000       446.3390000000        18.0540000000     57
      144.8790000000       444.0040000000        37.7000000000     58
      144.8280000000       457.4170000000        27.5360000000     59
      147.5000000000       196.0410000000         5.0200000000     60
      147.6400000000       489.4160000000        63.5680000000     61
      147.7830000000       397.0660000000        15.2230000000     62
      148.4150000000       458.8030000000        19.4580000000     63
      148.5310000000       526.1800000000        70.1220000000     64
      149.1140000000       486.7920000000        57.9130000000     65
      149.8530000000       485.0960000000        36.4580000000     66
      150.7810000000       385.8920000000        17.2980000000     67
      150.8850000000       403.4350000000         6.8800000000     68
      152.3480000000       512.0740000000        50.7610000000     69
      152.8180000000       512.5160000000        62.5630000000     70
      154.6980000000       472.0050000000        37.3950000000     71
      155.2450000000       500.5420000000        65.9290000000     72
      156.1560000000       427.1820000000        44.2500000000     73
      156.5980000000       463.7690000000        28.0490000000     74
      156.9680000000       405.3460000000         7.8890000000     75
      157.9160000000       374.9440000000        20.3890000000     76
      158.6940000000       510.9350000000        48.7060000000     77
      159.2860000000       507.8570000000        65.3210000000     78
      159.6180000000       475.2610000000        22.0130000000     79
      160.1650000000       411.8230000000        27.2260000000     80
      160.6740000000       545.9730000000        82.4200000000     81
      163.4490000000       472.0190000000        20.5330000000     82
      163.5050000000       539.4680000000        68.5380000000     83
      164.0000000000       488.0370000000        60.5380000000     84
      164.4750000000       512.2420000000        66.3160000000     85
      165.0450000000       499.3050000000        64.7770000000     86
      167.3430000000       495.2950000000        36.9490000000     87
      168.1510000000       530.6920000000        55.3860000000     88
      168.5110000000       514.2730000000        44.3700000000     89
      168.9960000000       414.6610000000        35.2310000000     90
      169.3100000000       563.7800000000        89.3500000000     91
      170.0060000000       530.8020000000        72.2070000000     92
      171.3800000000       392.1530000000        21.4090000000     93
      172.1720000000       409.0540000000        46.3430000000     94
      174.7450000000       461.5230000000        58.4600000000     95
      175.1810000000       461.4820000000        38.2460000000     96
      176.5990000000       431.7250000000         9.4060000000     97
      176.7840000000       548.6240000000        67.0650000000     98
      176.7900000000       557.1890000000        65.4280000000     99
      177.2330000000       457.8290000000        12.0160000000    100
      179.4770000000       480.8490000000        30.4130000000    101
      185.0360000000       470.9330000000        15.4450000000    102
      186.6270000000       388.9570000000        13.7260000000    103
      186.7820000000       435.1990000000        11.0120000000    104
      187.6030000000       507.4770000000        69.1690000000    105
      187.5200000000       520.0180000000        80.8430000000    106
      188.9840000000       141.8330000000        13.3760000000    107
      188.9410000000       455.8460000000        11.8400000000    108
      190.4540000000       480.6280000000        52.1480000000    109
      193.2040000000       150.2450000000        17.1930000000    110
      193.3130000000       555.5560000000        75.4550000000    111
      193.5470000000       477.9540000000        15.0480000000    112
      194.1430000000       437.5660000000        23.7980000000    113
      194.3230000000       486.0630000000        56.1450000000    114
      194.5670000000       203.7450000000        12.0630000000    115
      194.7420000000       528.5810000000        57.9520000000    116
      196.5830000000       512.3710000000        71.1300000000    117
      196.4900000000       516.0440000000        76.2200000000    118
      198.3920000000       510.4910000000        62.6090000000    119
      200.7620000000       443.6380000000        32.7640000000    120
      200.9110000000       532.5630000000        76.1600000000    121
      201.8230000000       448.2150000000        56.4440000000    122
      201.7780000000       478.0020000000        14.3470000000    123
      205.4290000000       513.2330000000        42.2090000000    124
      205.1900000000       521.2500000000        75.2300000000    125
      205.6060000000       430.4540000000        41.6650000000    126
      205.7550000000       551.1450000000        65.5250000000    127
      206.9180000000       547.0060000000        55.0880000000    128
      207.3920000000       454.9210000000        30.2790000000    129
      207.9900000000       464.6680000000        38.9060000000    130
      208.1510000000       495.9620000000        63.5020000000    131
      209.9250000000       158.1770000000        26.6450000000    132
      210.0070000000       523.4340000000        44.4770000000    133
      210.4340000000       512.3670000000        33.7740000000    134
      211.5510000000       550.9410000000        68.7050000000    135
      212.3830000000       194.0610000000        13.5520000000    136
      213.2840000000       571.5170000000        70.6550000000    137
      213.6150000000       495.4090000000        61.2380000000    138
      213.8480000000       543.3010000000        61.6760000000    139
      215.3750000000       533.5530000000        67.1830000000    140
      216.1190000000       376.4540000000         7.2270000000    141
      216.3070000000       597.6790000000        88.6690000000    142
      217.1790000000       544.3900000000        79.1470000000    143
      216.8220000000       557.2270000000        62.1740000000    144
      217.5790000000       490.2970000000        41.5470000000    145
      219.3850000000       539.4540000000        70.1430000000    146
      220.8250000000       419.8940000000        13.6410000000    147
      221.0060000000       486.2500000000        32.9680000000    148
      221.0170000000       512.9960000000        41.4120000000    149
      222.5030000000       513.2330000000        71.6770000000    150
      225.4500000000       116.0610000000        14.2780000000    151
      227.2130000000       542.6710000000        77.3140000000    152
      227.8550000000       421.8750000000        28.1590000000    153
      228.0660000000       559.0810000000        81.6950000000    154
      228.8640000000       517.3560000000        45.9480000000    155
      229.3470000000       464.3390000000        19.9150000000    156
      229.4970000000       551.7770000000        64.0780000000    157
      230.5990000000       579.1010000000        78.6480000000    158
      231.0080000000       120.6140000000        12.4230000000    159
      231.8900000000       110.6700000000        11.3630000000    160
      231.8190000000       175.5640000000        16.6190000000    161
      232.6910000000       545.3240000000        76.6940000000    162
      234.4010000000       408.1590000000        19.0540000000    163
      234.0630000000       561.4380000000        61.8550000000    164
      237.5240000000       452.5100000000        64.8130000000    165
      237.2700000000       521.1270000000        35.2760000000    166
      238.0490000000       567.9380000000        65.8770000000    167
      239.0690000000       580.8660000000        75.7260000000    168
      239.2140000000       567.7530000000        74.5440000000    169
      239.7030000000       420.1480000000        34.0780000000    170
      240.3730000000       553.9090000000        75.5710000000    171
      242.1710000000       106.3650000000        16.3730000000    172
      242.7230000000       518.2920000000        52.9470000000    173
      244.5350000000       125.9460000000        29.7520000000    174
      245.9820000000       200.1420000000        14.1260000000    175
      246.2130000000       489.4300000000        36.5900000000    176
      248.0310000000       500.2930000000        21.1510000000    177
      247.9790000000       568.1120000000        55.4890000000    178
      249.2200000000       542.8160000000        37.5380000000    179
      249.4550000000       533.0950000000        76.7870000000    180
      249.5470000000       556.2870000000        39.5880000000    181
      249.6980000000       576.8360000000        74.4530000000    182
      251.1780000000       544.7150000000        44.4690000000    183
      251.1660000000       553.5780000000        46.9100000000    184
      251.6310000000       411.3590000000        21.1830000000    185
      251.7160000000       151.8190000000        35.8080000000    186
      252.0840000000       176.9070000000        26.5910000000    187
      252.0030000000       545.7000000000        80.6240000000    188
      253.7290000000       476.5190000000        60.8300000000    189
      254.0000000000       550.9360000000        84.0450000000    190
      255.3140000000       583.0330000000        79.5390000000    191
      255.9100000000       518.6200000000        68.3000000000    192
      256.5270000000       220.3170000000        18.6900000000    193
      256.9060000000       427.1030000000        28.3090000000    194
      257.4530000000       466.3540000000        65.2860000000    195
      258.3760000000       284.7720000000        11.2480000000    196
      258.5930000000       497.4060000000        48.5970000000    197
      260.5120000000       552.8270000000        56.3360000000    198
      261.0150000000       571.8800000000        87.6780000000    199
      261.5540000000       131.1970000000        21.6580000000    200
      261.7890000000       518.3810000000        27.4760000000    201
      263.1820000000       586.8990000000        76.9260000000    202
      265.1870000000       160.9500000000        47.7100000000    203
      264.9440000000       203.1330000000        11.6410000000    204
      264.8120000000       529.8250000000        40.2100000000    205
      264.9220000000       561.2510000000        61.6130000000    206
      265.6990000000       454.6450000000        42.2760000000    207
      267.0410000000       575.0950000000        69.9810000000    208
      267.4280000000       542.7440000000        30.9320000000    209
      268.3500000000       533.4260000000        76.2390000000    210
      268.4670000000       599.6010000000        86.0040000000    211
      268.5090000000       563.3000000000        48.4770000000    212
      270.0170000000       434.4030000000        24.0560000000    213
      270.4670000000       222.6070000000        12.4490000000    214
      271.5170000000       273.7030000000        13.9900000000    215
      272.1150000000       581.9380000000        73.8970000000    216
      272.4280000000       426.3200000000        37.7360000000    217
      272.3800000000       589.8640000000        68.8290000000    218
      272.8980000000       471.8430000000        13.6060000000    219
      273.0740000000       539.8190000000        44.5810000000    220
      274.8690000000       559.1090000000        46.3170000000    221
      275.2280000000       559.9830000000        81.6290000000    222
      276.4100000000       213.6030000000        19.2150000000    223
      277.5760000000       565.0450000000        88.9460000000    224
      278.2210000000       199.7060000000        29.9550000000    225
      278.4810000000       426.0960000000        39.4320000000    226
      278.4960000000       540.1660000000        68.0160000000    227
      279.0830000000       538.6200000000        61.8560000000    228
      279.6150000000       551.6470000000        37.6030000000    229
      279.9400000000       277.2260000000        14.7780000000    230
      279.9040000000       511.2310000000        45.1220000000    231
      280.5200000000       149.3840000000        34.6420000000    232
      280.6890000000       461.7110000000        30.6760000000    233
      281.5160000000       553.3540000000        74.6970000000    234
      281.2210000000       583.0110000000        92.0590000000    235
      281.8670000000       608.4850000000        86.2920000000    236
      282.2390000000       423.4230000000        22.7350000000    237
      282.3380000000       532.4300000000        28.9130000000    238
      282.8000000000       153.5240000000        11.8700000000    239
      283.4790000000       490.2910000000        41.5520000000    240
      283.7510000000       557.5310000000        82.3070000000    241
      284.0220000000       463.5780000000        20.2520000000    242
      284.6090000000       234.7010000000        18.9130000000    243
      284.6160000000       395.3530000000        20.3280000000    244
      284.6360000000       496.0770000000        68.8920000000    245
      285.3590000000       590.9300000000        87.7080000000    246
      285.9570000000       437.4320000000        27.5140000000    247
      286.0550000000       547.5100000000        75.9590000000    248
      286.9650000000       598.4770000000        87.0730000000    249
      289.2590000000       509.9460000000        30.1020000000    250
      289.2670000000       596.1790000000        71.0370000000    251
      290.6320000000       499.0080000000        51.6490000000    252
      290.5000000000       546.8240000000        40.3690000000    253
      291.5410000000       452.9900000000        56.8930000000    254
      291.3420000000       547.3790000000        74.4260000000    255
      292.5860000000       449.4090000000        61.3110000000    256
      294.4310000000       526.8290000000        69.8460000000    257
      294.5420000000       599.3500000000        76.4550000000    258
      295.3180000000       240.4080000000        25.3460000000    259
      295.2790000000       584.1820000000        62.4340000000    260
      295.8260000000       159.9550000000        19.2980000000    261
      297.6170000000       458.3680000000        56.3940000000    262
      298.2430000000       452.2430000000        46.2860000000    263
      298.4520000000       576.3830000000        50.0740000000    264
      299.2990000000       583.2090000000        89.3380000000    265
      301.3900000000       162.4670000000        16.2860000000    266
      301.8990000000       564.7280000000        83.9090000000    267
      302.4100000000       612.9870000000        83.0360000000    268
      304.2280000000       220.7700000000        30.5790000000    269
      305.6750000000       235.4880000000        42.8610000000    270
      305.6790000000       284.3060000000        14.1920000000    271
      307.5840000000       588.3950000000        66.4970000000    272
      308.5200000000       169.2280000000        14.1170000000    273
      308.2310000000       553.5010000000        83.9060000000    274
      309.4790000000       558.7110000000        34.7260000000    275
      310.2050000000       564.4600000000        82.8870000000    276
      310.7950000000       597.6360000000        74.5900000000    277
      311.6850000000       582.8170000000        53.8380000000    278
      312.5270000000       264.8860000000        22.3420000000    279
      312.5430000000       443.7550000000        30.0360000000    280
      312.7100000000       486.3430000000        21.7610000000    281
      312.8890000000       480.1800000000        65.5170000000    282
      315.0130000000       208.8960000000         9.3780000000    283
      315.1100000000       539.1190000000        32.9120000000    284
      316.2090000000       524.9910000000        56.6390000000    285
      316.2190000000       577.7060000000        82.5210000000    286
      316.8320000000       192.4930000000        56.8940000000    287
      316.7730000000       301.8180000000        16.8050000000    288
      316.7330000000       461.3300000000        47.5590000000    289
      316.8610000000       610.8030000000        71.5920000000    290
      317.8130000000       507.4200000000        67.5400000000    291
      318.0010000000       625.2470000000        99.3140000000    292
      319.6660000000       477.9440000000        53.9660000000    293
      321.2910000000       585.4870000000        77.7380000000    294
      321.9150000000       154.1050000000        43.4370000000    295
      322.0260000000       178.0240000000        28.5060000000    296
      321.7600000000       466.0020000000        29.5120000000    297
      321.7070000000       545.4360000000        31.5500000000    298
      322.5370000000       237.6350000000        36.0520000000    299
      323.4580000000       557.2270000000        80.4820000000    300
      325.0860000000       181.9780000000        54.7250000000    301
      326.2350000000       202.7070000000        10.8380000000    302
      326.1450000000       477.9240000000        39.5120000000    303
      326.6610000000       173.7260000000        26.3460000000    304
      327.1510000000       585.9940000000        63.7510000000    305
      327.2350000000       477.5680000000        26.9010000000    306
      327.3620000000       516.8490000000        68.0660000000    307
      327.2940000000       609.3890000000        91.0850000000    308
      328.9400000000       578.3930000000        63.3680000000    309
      329.7660000000       569.5150000000        45.3890000000    310
      329.5780000000       598.8660000000        53.3070000000    311
      330.2460000000       209.4670000000        12.8060000000    312
      330.3610000000       307.5770000000        20.8720000000    313
      330.6350000000       416.2690000000        26.9030000000    314
      330.7740000000       466.7150000000        28.4720000000    315
      331.0920000000       214.3270000000        56.9370000000    316
      331.0100000000       523.0330000000        70.0940000000    317
      331.0340000000       573.4450000000        76.0690000000    318
      331.1370000000       605.1250000000        82.6740000000    319
      331.8280000000       625.4160000000        77.4260000000    320
      332.3850000000       602.6820000000        66.3290000000    321
      333.5470000000       198.7060000000        49.9110000000    322
      334.6970000000       547.8210000000        71.9570000000    323
      336.0010000000       455.9050000000        30.0140000000    324
      336.4780000000       547.1150000000        61.5580000000    325
      336.6260000000       532.4680000000        28.7540000000    326
      337.3170000000       631.9560000000        91.9560000000    327
      338.8020000000       289.8220000000        40.2150000000    328
      338.7180000000       594.9070000000        54.0440000000    329
      339.2930000000       183.7160000000        54.0620000000    330
      339.5330000000       576.1240000000        88.8140000000    331
      339.7350000000       592.7620000000        84.3710000000    332
      340.2880000000       470.5250000000        47.2880000000    333
      340.7290000000       558.5700000000        79.2340000000    334
      340.8230000000       513.9680000000        55.4870000000    335
      341.8410000000       263.1640000000        11.2010000000    336
      341.9440000000       531.4210000000        78.2310000000    337
      345.8460000000       452.5060000000        28.0570000000    338
      345.5040000000       477.1070000000        30.5170000000    339
      345.7370000000       617.7230000000        95.3110000000    340
      346.6900000000       593.0910000000        96.4240000000    341
      346.9240000000       278.4870000000        40.3790000000    342
      347.6090000000       208.0820000000        45.9510000000    343
      347.6920000000       570.7040000000        54.4530000000    344
      347.8200000000       604.0810000000        65.4050000000    345
      348.3870000000       608.9810000000        84.2270000000    346
      348.9610000000       268.3680000000        61.4230000000    347
      349.8260000000       303.3350000000        32.9280000000    348
      349.8920000000       317.7640000000        19.4480000000    349
      350.4510000000       318.5350000000        24.2080000000    350
      350.6620000000       622.5410000000        95.1960000000    351
      352.1180000000       276.3310000000        49.1200000000    352
      352.1050000000       509.2560000000        60.8160000000    353
      352.3880000000       207.3160000000        18.2750000000    354
      353.0200000000       180.2570000000        54.8770000000    355
      354.3620000000       242.2220000000        12.2440000000    356
      354.3840000000       323.6140000000        32.0940000000    357
      355.1030000000       211.9470000000        17.9850000000    358
      354.8400000000       606.8730000000        84.3560000000    359
      355.4930000000       443.3670000000        29.6340000000    360
      356.0420000000       204.0020000000        43.5450000000    361
      355.8570000000       477.7320000000        34.7260000000    362
      356.1470000000       215.6910000000        39.3360000000    363
      356.7240000000       299.9510000000        14.6380000000    364
      356.7110000000       579.3880000000        59.7470000000    365
      357.7790000000       554.8520000000        77.9870000000    366
      357.9200000000       594.1980000000        97.4290000000    367
      358.5160000000       568.3460000000        86.8850000000    368
      358.8030000000       620.9770000000        99.1360000000    369
      358.8490000000       631.7470000000        96.5980000000    370
      359.3350000000       237.6890000000        14.4700000000    371
      359.5090000000       278.2770000000        17.2830000000    372
      359.6650000000       602.0770000000        76.7100000000    373
      359.8860000000       493.3790000000        29.1210000000    374
      360.4960000000       239.6340000000        62.1690000000    375
      360.9150000000       591.0670000000        57.8930000000    376
      361.4140000000       323.5560000000        31.1030000000    377
      361.6070000000       605.7310000000        97.1780000000    378
      362.2220000000       581.6380000000        91.9010000000    379
      364.0650000000       264.2850000000        27.8180000000    380
      364.5580000000       182.6090000000        45.2400000000    381
      365.3420000000       239.8380000000        16.3800000000    382
      366.1640000000       486.1070000000        47.3250000000    383
      367.2750000000       271.6470000000        62.7040000000    384
      367.3800000000       191.9330000000        62.3260000000    385
      368.6750000000       618.3510000000        77.5180000000    386
      368.9570000000       581.7670000000        87.5910000000    387
      369.6520000000       627.7620000000        87.4960000000    388
      370.5350000000       526.6740000000        73.4250000000    389
      370.7010000000       307.2470000000        17.7110000000    390
      370.7150000000       481.2660000000        48.3740000000    391
      370.8020000000       535.3710000000        67.3620000000    392
      371.2380000000       168.6350000000        54.8660000000    393
      373.0700000000       275.4480000000        14.8670000000    394
      372.9820000000       509.6750000000        31.1790000000    395
      373.8860000000       511.4770000000        66.1400000000    396
      374.1990000000       564.8080000000        79.9070000000    397
      374.9290000000       224.8550000000        15.7460000000    398
      375.2560000000       209.0600000000        30.8870000000    399
      375.6260000000       330.8370000000        46.6050000000    400
      375.8650000000       176.8140000000        52.9310000000    401
      375.9440000000       239.7450000000        31.2360000000    402
      375.8840000000       612.5430000000        61.8210000000    403
      376.4200000000       554.0840000000        57.3810000000    404
      379.5060000000       288.6890000000        67.5730000000    405
      380.0060000000       195.6580000000        66.8630000000    406
      380.0780000000       371.6330000000        30.3900000000    407
      380.0770000000       564.1480000000        43.1940000000    408
      380.5750000000       506.8630000000        33.0280000000    409
      381.1450000000       221.2790000000        62.6750000000    410
      381.3110000000       559.2320000000        42.7440000000    411
      382.4140000000       185.2610000000        55.1590000000    412
      382.6750000000       581.0090000000        65.5450000000    413
      382.7720000000       587.3940000000        94.2410000000    414
      383.2320000000       496.7630000000        40.2370000000    415
      384.3080000000       506.8750000000        69.8100000000    416
      385.3010000000       511.3610000000        68.0100000000    417
      385.2790000000       617.4440000000        91.2800000000    418
      386.3500000000       259.8090000000        16.5040000000    419
      385.9690000000       350.5130000000        39.9780000000    420
      386.1550000000       493.9410000000        58.0560000000    421
      386.8130000000       561.3260000000        75.9700000000    422
      386.8170000000       598.3620000000        96.8100000000    423
      387.6730000000       518.1950000000        69.3670000000    424
      388.1940000000       568.4210000000        65.5050000000    425
      388.8140000000       553.4250000000        62.4940000000    426
      390.4730000000       192.4130000000        71.9390000000    427
      391.5050000000       186.7720000000        63.9860000000    428
      391.5360000000       297.1190000000        49.0760000000    429
      391.6740000000       237.9510000000        44.5480000000    430
      391.8050000000       575.0550000000        60.7450000000    431
      392.2390000000       624.9650000000        73.2040000000    432
      393.1410000000       323.2760000000        18.4250000000    433
      394.6780000000       541.4300000000        64.8500000000    434
      394.5100000000       578.9840000000        52.0900000000    435
      395.5300000000       203.8090000000        47.9960000000    436
      396.0610000000       262.5600000000        36.4810000000    437
      397.0180000000       475.0420000000        39.0860000000    438
      397.1070000000       490.7270000000        42.2220000000    439
      397.8770000000       306.7140000000        65.4830000000    440
      398.2830000000       587.1350000000        55.1780000000    441
      398.8810000000       612.8370000000        88.6470000000    442
      399.6270000000       229.9810000000        43.0940000000    443
      399.6360000000       334.7630000000        64.9850000000    444
      400.1720000000       201.9170000000        70.2670000000    445
      400.1300000000       630.5160000000       108.7630000000    446
      400.5280000000       385.8830000000        32.1120000000    447
      401.2150000000       588.9020000000        58.1250000000    448
      401.6010000000       490.6270000000        54.6040000000    449
      401.6480000000       608.4790000000        73.4110000000    450
      401.8750000000       631.1990000000        97.1330000000    451
      403.3370000000       580.8260000000        86.3970000000    452
      403.7980000000       197.0370000000        52.6830000000    453
      403.6980000000       612.0280000000       100.8520000000    454
      404.6830000000       378.6900000000        32.1870000000    455
      405.8200000000       338.9490000000        69.8300000000    456
      406.6590000000       245.2720000000        33.5400000000    457
      407.2330000000       224.4910000000        58.7070000000    458
      407.2990000000       229.0470000000        44.6030000000    459
      407.0220000000       259.7510000000        65.7550000000    460
      407.2770000000       291.8450000000        20.4160000000    461
      407.2100000000       358.6570000000        42.2810000000    462
      407.4900000000       361.3930000000        30.2950000000    463
      407.4330000000       599.7540000000        98.6190000000    464
      408.1690000000       376.9740000000        50.4110000000    465
      408.2050000000       605.2170000000        86.3240000000    466
      408.7340000000       200.5430000000        73.5730000000    467
      408.6140000000       623.8280000000        88.8920000000    468
      408.9860000000       220.1290000000        68.5530000000    469
      409.3670000000       369.5570000000        51.5650000000    470
      409.5250000000       611.4740000000        64.9070000000    471
      410.4990000000       478.8470000000        53.6140000000    472
      410.2950000000       569.8040000000        85.6990000000    473
      411.1110000000       243.1420000000        71.8030000000    474
      411.3650000000       295.4270000000        20.3520000000    475
      411.3900000000       598.0650000000        87.7590000000    476
      412.2040000000       208.4090000000        55.4290000000    477
      412.3930000000       559.7210000000        87.0480000000    478
      412.3400000000       630.8970000000        75.6430000000    479
      412.9370000000       288.0470000000        64.9310000000    480
      412.7940000000       375.3790000000        31.8690000000    481
      413.2470000000       236.3940000000        45.9370000000    482
      413.1390000000       248.8660000000        32.1090000000    483
      413.3260000000       383.3220000000        52.0280000000    484
      414.5610000000       577.5700000000        92.1760000000    485
      415.6800000000       185.5530000000        68.4350000000    486
      415.5340000000       207.9940000000        67.3790000000    487
      415.6310000000       613.3350000000       103.6990000000    488
      417.1540000000       484.0570000000        55.1160000000    489
      417.0720000000       628.1900000000       106.0460000000    490
      417.2930000000       237.9760000000        78.1340000000    491
      417.1980000000       610.3780000000        80.0170000000    492
      417.8250000000       562.4830000000        90.9870000000    493
      418.2340000000       190.1680000000        55.1940000000    494
      418.2970000000       494.4350000000        45.8710000000    495
      419.2010000000       380.6400000000        58.6950000000    496
      419.5960000000       585.1440000000        52.7030000000    497
      420.1350000000       601.4010000000        82.5640000000    498
      420.5480000000       278.7070000000        26.4700000000    499
      421.3860000000       497.6480000000        74.7470000000    500
      422.3260000000       196.1380000000        81.3720000000    501
      422.4740000000       310.1480000000        44.9680000000    502
      423.0630000000       230.6970000000        50.7080000000    503
      423.0420000000       284.2080000000        53.7960000000    504
      423.2530000000       599.8030000000        97.6880000000    505
      423.9710000000       402.9980000000        49.1810000000    506
      424.3750000000       386.4470000000        46.1140000000    507
      425.2710000000       244.1060000000        46.4420000000    508
      425.6750000000       332.2650000000        75.6230000000    509
      425.7760000000       578.2040000000        92.6800000000    510
      427.0930000000       217.4100000000        74.6220000000    511
      427.4480000000       494.4380000000        54.1850000000    512
      427.5360000000       608.2010000000        72.7420000000    513
      428.0870000000       303.9650000000        23.2440000000    514
      428.5940000000       591.7080000000       105.8320000000    515
      429.1740000000       219.7430000000        54.7560000000    516
      428.8710000000       351.0710000000        58.5490000000    517
      428.8970000000       631.4030000000        98.9160000000    518
      429.6930000000       186.9890000000        61.8740000000    519
      429.6380000000       237.1010000000        69.0620000000    520
      430.0630000000       176.1770000000        84.4490000000    521
      429.7900000000       202.8900000000        71.3700000000    522
      430.5730000000       230.3320000000        57.9020000000    523
      430.5270000000       547.3360000000        91.0880000000    524
      430.9390000000       560.9470000000        91.0180000000    525
      430.7070000000       609.1670000000       107.4130000000    526
      431.4050000000       260.4520000000        49.3510000000    527
      431.5140000000       359.8610000000        54.7900000000    528
      431.5750000000       620.5720000000       101.7450000000    529
      433.4320000000       244.8410000000        55.3700000000    530
      434.0690000000       249.4930000000        69.8240000000    531
      434.6530000000       222.3930000000        79.3020000000    532
      434.6000000000       237.0390000000        67.9150000000    533
      435.2150000000       377.8960000000        31.5030000000    534
      435.7470000000       335.9510000000        72.9010000000    535
      436.2050000000       397.1000000000        49.2090000000    536
      436.0620000000       521.2380000000        74.3960000000    537
      436.6670000000       311.2180000000        43.1960000000    538
      436.4640000000       313.7000000000        25.1550000000    539
      436.8960000000       435.7790000000        42.1820000000    540
      437.0250000000       575.6850000000        49.9430000000    541
      437.4390000000       367.6110000000        72.5110000000    542
      437.4590000000       558.6380000000        47.0290000000    543
      438.0440000000       330.7720000000        22.9530000000    544
      438.3820000000       211.1340000000        68.2010000000    545
      438.3500000000       499.0560000000        50.1990000000    546
      438.3210000000       549.1600000000        84.9540000000    547
      438.5450000000       606.2110000000        94.2230000000    548
      438.1710000000       620.5360000000        92.3060000000    549
      439.8660000000       644.4350000000       115.0920000000    550
      440.1280000000       282.9010000000        30.9810000000    551
      440.0570000000       384.0650000000        70.5040000000    552
      440.5440000000       200.2100000000        79.0350000000    553
      441.3530000000       415.1090000000        38.5810000000    554
      442.0130000000       241.0760000000        59.2450000000    555
      442.1890000000       613.0350000000        80.8810000000    556
      442.6200000000       290.0390000000        30.5690000000    557
      443.8870000000       606.2740000000        70.8950000000    558
      444.4040000000       257.6470000000        74.9980000000    559
      445.4850000000       274.1300000000        69.7210000000    560
      445.4680000000       591.4110000000        71.8360000000    561
      445.8740000000       290.1800000000        37.8680000000    562
      446.4090000000       611.4830000000       106.1090000000    563
      447.2850000000       298.3470000000        72.9020000000    564
      447.1260000000       322.2220000000        49.7820000000    565
      448.7060000000       508.3780000000        52.5640000000    566
      448.9880000000       285.3910000000        56.8980000000    567
      450.6700000000       241.9130000000        80.0570000000    568
      450.6060000000       408.8170000000        71.9470000000    569
      451.5750000000       563.3000000000        94.9200000000    570
      451.8870000000       311.5960000000        77.2120000000    571
      453.3580000000       624.9340000000        88.0970000000    572
      453.7540000000       402.1240000000        39.3510000000    573
      454.0810000000       602.5620000000        79.7580000000    574
      455.2470000000       188.0460000000        92.4020000000    575
      455.2060000000       363.6400000000        85.4410000000    576
      456.6250000000       261.0220000000        56.5240000000    577
      456.3850000000       591.1230000000       107.0760000000    578
      458.6000000000       557.9340000000        98.5660000000    579
      458.9330000000       280.1350000000        80.3670000000    580
      458.7420000000       287.9410000000        47.1760000000    581
      458.7200000000       419.6150000000        48.4910000000    582
      459.4280000000       277.5680000000        76.5230000000    583
      459.7760000000       234.0370000000        82.5090000000    584
      459.7740000000       259.4640000000        47.6170000000    585
      460.0510000000       623.8340000000       101.7210000000    586
      460.2390000000       610.4180000000       107.7760000000    587
      460.9540000000       336.7860000000        25.9620000000    588
      460.5920000000       378.2190000000        79.3370000000    589
      461.3760000000       612.1930000000        91.7920000000    590
      463.2320000000       205.8290000000        79.2780000000    591
      463.0390000000       521.3430000000        62.4010000000    592
      463.3490000000       306.5260000000        44.6580000000    593
      464.5280000000       441.2650000000        55.6060000000    594
      465.7160000000       443.6200000000        65.4860000000    595
      466.3350000000       412.2570000000        38.4900000000    596
      466.7690000000       510.9720000000        93.1280000000    597
      467.1850000000       453.7600000000        66.2800000000    598
      467.6400000000       625.8160000000        80.1750000000    599
      468.0430000000       297.9870000000        82.6370000000    600
      468.7480000000       318.3750000000        84.8540000000    601
      468.7010000000       331.7770000000        29.3080000000    602
      468.6500000000       620.4710000000        93.5360000000    603
      469.0650000000       309.9430000000        75.8830000000    604
      469.2850000000       581.6110000000        72.7080000000    605
      469.6520000000       223.7780000000        90.6580000000    606
      469.4100000000       259.6810000000        65.4230000000    607
      469.7600000000       362.2160000000        82.5150000000    608
      469.4470000000       451.7860000000        42.5890000000    609
      470.0970000000       249.8630000000        58.4930000000    610
      469.9630000000       282.4950000000        82.5500000000    611
      470.2950000000       408.8350000000        71.0960000000    612
      470.2190000000       574.3170000000        80.8040000000    613
      470.0120000000       614.7530000000        88.9510000000    614
      470.9060000000       561.4850000000        96.2170000000    615
      471.4110000000       398.8460000000        66.0040000000    616
      471.4530000000       646.7570000000       132.7080000000    617
      472.0570000000       492.6100000000        87.8170000000    618
      473.8890000000       281.4400000000        45.1510000000    619
      474.5570000000       258.9680000000        83.5680000000    620
      475.6660000000       318.2280000000        65.1970000000    621
      476.2560000000       309.7880000000        36.8860000000    622
      476.2510000000       452.4900000000        73.1860000000    623
      475.9260000000       548.3180000000        89.0940000000    624
      477.9570000000       608.1570000000        80.8530000000    625
      478.6740000000       257.2370000000        60.8210000000    626
      478.3650000000       310.1610000000        47.6740000000    627
      478.3460000000       593.2470000000        74.9110000000    628
      479.0600000000       353.3370000000        52.6580000000    629
      478.9350000000       427.9280000000        41.0140000000    630
      478.9080000000       498.1540000000        91.7680000000    631
      480.1140000000       593.2540000000       103.7220000000    632
      481.4940000000       236.2500000000        77.2910000000    633
      481.5890000000       441.7960000000        87.0210000000    634
      482.1980000000       283.3810000000        76.6660000000    635
      482.0080000000       535.6130000000        58.5240000000    636
      482.5150000000       273.2650000000        52.9570000000    637
      483.1290000000       550.2010000000        85.5810000000    638
      483.2220000000       598.3820000000        84.8060000000    639
      483.9100000000       261.6330000000        50.5680000000    640
      483.9790000000       304.7220000000        78.1600000000    641
      484.2420000000       577.8600000000        59.9560000000    642
      484.6610000000       300.5720000000        47.1130000000    643
      484.4160000000       610.8540000000       114.1050000000    644
      485.6820000000       231.3980000000        78.6570000000    645
      485.4190000000       557.2310000000        79.7780000000    646
      485.4400000000       625.1740000000       114.9230000000    647
      485.8190000000       272.6010000000        69.9880000000    648
      485.8920000000       620.6680000000       100.6270000000    649
      486.0600000000       636.2720000000        93.2780000000    650
      486.4170000000       556.9670000000        96.8650000000    651
      486.6510000000       284.4790000000        74.9300000000    652
      490.1500000000       449.4550000000        67.5750000000    653
      490.4910000000       611.0070000000        98.6130000000    654
      491.5690000000       572.4430000000       107.6120000000    655
      491.9580000000       583.1120000000        75.3470000000    656
      493.0120000000       283.6810000000        58.1050000000    657
      492.7950000000       589.2110000000        88.9680000000    658
      493.3630000000       254.0920000000        88.5800000000    659
      493.1550000000       396.4090000000        83.8830000000    660
      493.9000000000       525.3220000000        71.0100000000    661
      494.8310000000       314.5700000000        55.6920000000    662
      495.2300000000       319.2960000000        46.6210000000    663
      496.0990000000       240.9590000000        81.6680000000    664
      496.5720000000       259.9290000000        75.1310000000    665
      496.7740000000       569.2740000000        83.5870000000    666
      497.1830000000       291.9070000000        86.6620000000    667
      497.2870000000       590.2230000000       101.8880000000    668
      497.2710000000       611.6980000000        90.1500000000    669
      497.1540000000       637.9520000000       131.4000000000    670
      498.8400000000       455.7060000000        77.1620000000    671
      499.9120000000       597.6410000000        84.5000000000    672
      500.3080000000       326.8800000000        62.9410000000    673
      500.5960000000       548.7980000000        97.6810000000    674
      500.6680000000       351.1070000000        62.9220000000    675
      501.6560000000       308.3510000000        67.5290000000    676
      502.2830000000       445.1540000000        43.5780000000    677
      502.7860000000       416.3250000000        50.6990000000    678
      503.9450000000       532.4750000000        60.7190000000    679
      504.3990000000       379.3550000000        38.0730000000    680
      504.5130000000       534.4470000000        93.8070000000    681
      505.5470000000       331.7620000000        91.0080000000    682
      505.5390000000       465.7330000000        92.3190000000    683
      506.0300000000       280.3230000000        75.1330000000    684
      506.9250000000       279.2290000000        85.4210000000    685
      506.8080000000       318.5850000000        68.1340000000    686
      506.7660000000       511.4000000000        93.9740000000    687
      506.8230000000       551.8020000000        80.9630000000    688
      507.2930000000       317.4280000000        48.1950000000    689
      507.2420000000       328.2540000000        56.0940000000    690
      507.8050000000       260.9100000000        82.5680000000    691
      507.6840000000       426.7620000000        94.5720000000    692
      508.7080000000       266.2580000000        71.7720000000    693
      508.8120000000       320.0120000000        84.7480000000    694
      509.1870000000       598.8190000000        91.8460000000    695
      509.8450000000       390.2220000000        86.6880000000    696
      510.6390000000       257.5090000000        95.2800000000    697
      510.4280000000       319.7210000000        56.3630000000    698
      510.6840000000       371.9080000000        82.8410000000    699
      510.5570000000       557.8760000000       107.8950000000    700
      511.0410000000       338.5190000000        81.9690000000    701
      511.0660000000       347.1340000000        80.5540000000    702
      511.2400000000       602.6950000000       119.4180000000    703
      511.4250000000       593.6480000000       121.6320000000    704
      512.0040000000       595.1360000000       108.4220000000    705
      513.4180000000       396.1150000000        77.7770000000    706
      514.4200000000       287.3480000000        85.1990000000    707
      515.0200000000       301.5470000000        73.0130000000    708
      514.8830000000       332.0520000000        47.8220000000    709
      515.3060000000       307.2920000000        83.5090000000    710
      515.6590000000       342.7480000000        54.9310000000    711
      516.4540000000       354.9930000000        83.7260000000    712
      516.3350000000       593.2230000000        84.6090000000    713
      516.8570000000       458.8840000000        82.1800000000    714
      516.7630000000       552.0450000000        64.1140000000    715
      516.4680000000       622.2790000000        87.8390000000    716
      517.8880000000       579.7710000000       120.6230000000    717
      518.3200000000       609.4530000000        94.9730000000    718
      518.6080000000       629.1080000000        98.3240000000    719
      520.6090000000       313.7560000000        61.5620000000    720
      521.2800000000       373.7790000000        47.2210000000    721
      521.1700000000       436.1930000000        46.6360000000    722
      521.3050000000       603.9700000000       117.5240000000    723
      521.8320000000       305.0230000000        85.6110000000    724
      521.7760000000       365.8060000000        91.2500000000    725
      521.6370000000       454.4280000000        92.9490000000    726
      522.7870000000       392.1210000000        73.3940000000    727
      522.7270000000       525.7930000000       101.4580000000    728
      522.6770000000       563.8330000000        69.5000000000    729
      523.1040000000       616.4770000000       125.4470000000    730
      524.6890000000       365.3200000000        62.4360000000    731
      524.4360000000       585.4440000000       126.3590000000    732
      525.2740000000       297.9060000000        71.0860000000    733
      525.2280000000       445.3300000000        46.9280000000    734
      525.3180000000       421.1100000000        80.9390000000    735
      526.0350000000       318.3780000000        77.2860000000    736
      526.8580000000       531.4490000000        70.1470000000    737
      527.1880000000       563.2420000000       114.0480000000    738
      527.8160000000       508.5560000000        67.5000000000    739
      527.8960000000       610.1510000000       114.6420000000    740
      528.2380000000       596.9690000000       120.5870000000    741
      529.4620000000       499.8910000000       100.6580000000    742
      529.9070000000       396.5180000000        47.7140000000    743
      529.9720000000       470.7620000000        66.0760000000    744
      529.8290000000       614.2800000000       132.3920000000    745
      529.9830000000       315.8090000000        63.1980000000    746
      532.1830000000       600.7980000000       116.0690000000    747
      532.3420000000       469.2660000000        98.4770000000    748
      532.5510000000       604.2220000000       132.8090000000    749
      532.9010000000       355.3610000000        86.5610000000    750
      533.6500000000       277.8930000000        82.7800000000    751
      533.8020000000       591.2510000000       100.3460000000    752
      534.3710000000       344.3870000000        61.1450000000    753
      534.5900000000       610.6450000000       147.8640000000    754
      534.7870000000       449.3550000000        94.8210000000    755
      535.3320000000       574.6490000000       119.6670000000    756
      535.9760000000       597.6210000000       128.3550000000    757
      537.0250000000       327.7780000000        66.8720000000    758
      537.1560000000       336.3960000000        89.8420000000    759
      537.4310000000       368.6430000000        62.0960000000    760
      537.4600000000       382.9910000000        53.7940000000    761
      538.0810000000       303.2920000000        74.8270000000    762
      538.5650000000       414.9560000000        85.3570000000    763
      538.5570000000       429.4650000000        82.3840000000    764
      538.9370000000       385.7020000000        66.1990000000    765
      539.3180000000       293.4880000000        72.3950000000    766
      540.1630000000       460.1810000000        99.2000000000    767
      539.7780000000       558.0800000000        71.9830000000    768
      541.0100000000       370.3530000000        92.8710000000    769
      541.4840000000       575.5530000000        92.5760000000    770
      541.2060000000       607.7890000000       135.8310000000    771
      541.8570000000       281.2430000000        79.0630000000    772
      542.0140000000       323.9830000000        79.7070000000    773
      541.9170000000       590.8890000000       105.1450000000    774
      543.4690000000       328.0420000000        68.3430000000    775
      543.6400000000       360.2540000000        62.1910000000    776
      543.9150000000       416.4850000000        52.4710000000    777
      544.5410000000       619.6610000000       105.1150000000    778
      545.1830000000       341.0430000000        68.9120000000    779
      545.3470000000       345.1260000000        89.4630000000    780
      545.7030000000       362.6960000000        94.4040000000    781
      545.4750000000       374.1850000000        63.6650000000    782
      545.9900000000       508.1030000000       103.5740000000    783
      546.4830000000       315.9880000000        76.1050000000    784
      547.1460000000       331.5890000000        77.4920000000    785
      546.8580000000       332.2240000000        87.9370000000    786
      546.8410000000       454.3540000000        83.6040000000    787
      547.1490000000       629.5220000000       143.1840000000    788
      547.5360000000       507.0890000000        64.1030000000    789
      547.5920000000       602.4470000000       101.2990000000    790
      548.5600000000       419.9550000000        78.6410000000    791
      548.8810000000       560.6490000000        95.6150000000    792
      549.3570000000       378.6000000000        92.5040000000    793
      549.7060000000       586.2310000000        94.6790000000    794
      550.3710000000       463.0470000000        80.9160000000    795
      550.5540000000       524.0430000000        72.4500000000    796
      551.2220000000       324.5680000000        96.7130000000    797
      551.0610000000       340.5490000000        66.7150000000    798
      551.2010000000       346.0120000000        82.7030000000    799
      550.9730000000       493.3960000000        61.1440000000    800
      552.2020000000       313.8050000000        80.6510000000    801
      552.7800000000       313.6290000000        92.8860000000    802
      553.6940000000       275.9100000000        97.7250000000    803
      553.6770000000       600.4080000000       143.1690000000    804
      554.1450000000       536.4710000000       107.6030000000    805
      554.8940000000       589.0750000000       102.7940000000    806
      555.0040000000       600.1080000000       120.4370000000    807
      555.3230000000       427.5630000000        65.1470000000    808
      555.4430000000       429.9900000000       100.4610000000    809
      555.3410000000       477.8350000000        61.0680000000    810
      555.8260000000       608.5170000000       127.8370000000    811
      556.2360000000       493.3590000000       108.5120000000    812
      556.6330000000       370.3350000000        68.4820000000    813
      557.8880000000       460.7340000000        81.5180000000    814
      558.5960000000       357.8500000000        94.4960000000    815
      559.4380000000       588.8620000000       131.1300000000    816
      560.1470000000       373.7410000000        95.8700000000    817
      560.1510000000       384.8770000000       101.9310000000    818
      560.4220000000       409.2710000000        93.6130000000    819
      561.1850000000       362.1080000000        76.2380000000    820
      561.8080000000       445.2430000000        61.4630000000    821
      561.7590000000       617.3880000000       143.1560000000    822
      562.8430000000       460.0620000000        83.4260000000    823
      563.0970000000       594.2380000000       127.6810000000    824
      564.3860000000       449.1470000000        66.7360000000    825
      565.2810000000       391.1160000000        72.5450000000    826
      565.1620000000       465.0620000000        81.4670000000    827
      565.3670000000       467.1420000000       108.7700000000    828
      565.9830000000       492.3910000000       113.2350000000    829
      566.6200000000       329.2530000000        96.0030000000    830
      566.4540000000       356.1430000000        99.8190000000    831
      566.3390000000       451.1410000000       107.2990000000    832
      567.1720000000       427.0100000000        78.1810000000    833
      567.4060000000       531.5350000000        99.7750000000    834
      567.4530000000       540.4730000000        85.5350000000    835
      567.4450000000       614.1190000000       152.0440000000    836
      568.0510000000       623.7680000000       148.2020000000    837
      568.6360000000       411.7990000000       103.8600000000    838
      569.2630000000       385.6260000000        74.3630000000    839
      569.5380000000       585.6290000000       116.9870000000    840
      569.8960000000       347.5280000000        90.8970000000    841
      569.7730000000       539.3060000000       104.7830000000    842
      570.3290000000       465.9210000000        80.4640000000    843
      570.1140000000       591.2630000000       110.0160000000    844
      571.3900000000       473.0920000000        70.3400000000    845
      571.4910000000       394.5530000000       107.2840000000    846
      571.7550000000       396.6740000000        73.4230000000    847
      571.4760000000       422.5440000000       103.0110000000    848
      572.1410000000       374.4090000000        92.6170000000    849
      572.4590000000       387.8750000000        98.2950000000    850
      572.7510000000       592.6030000000       143.0990000000    851
      573.0960000000       387.7690000000        89.8930000000    852
      573.2940000000       447.0460000000        74.2660000000    853
      573.8730000000       434.9110000000       103.6650000000    854
      575.6200000000       486.6240000000       114.7290000000    855
      575.3340000000       524.8140000000        99.2220000000    856
      575.9680000000       407.9450000000        98.0590000000    857
      576.0330000000       542.3440000000        95.3170000000    858
      575.9660000000       589.8120000000       120.1250000000    859
      576.3650000000       477.6510000000       102.7170000000    860
      577.1980000000       460.4850000000       119.8250000000    861
      577.1740000000       507.1140000000       120.1510000000    862
      577.6880000000       473.1760000000        88.7710000000    863
      578.0770000000       495.2540000000        80.7290000000    864
      578.6770000000       517.6610000000       123.1390000000    865
      579.5860000000       521.5320000000        83.1520000000    866
      579.9820000000       424.0030000000        80.5500000000    867
      579.8490000000       602.6580000000       139.2320000000    868
      580.8510000000       493.2720000000       121.5430000000    869
      581.6770000000       489.6490000000        75.0800000000    870
      582.4800000000       453.1880000000        94.0520000000    871
      582.5500000000       508.8700000000        93.3840000000    872
      582.4300000000       574.3390000000        99.5690000000    873
      582.9680000000       501.2910000000        92.7710000000    874
      583.0560000000       502.6020000000       125.4220000000    875
      583.4010000000       467.8810000000       125.3490000000    876
      583.2840000000       532.3210000000       109.8480000000    877
      583.9870000000       400.1530000000        88.9170000000    878
      583.9750000000       484.6260000000        94.6980000000    879
      583.6470000000       589.3870000000        98.4240000000    880
      584.3700000000       459.7080000000        79.8340000000    881
      584.6040000000       415.7680000000       110.8390000000    882
      584.9880000000       476.5460000000        80.0220000000    883
      585.3500000000       514.3390000000       106.1150000000    884
      585.6140000000       527.5060000000       138.8690000000    885
      586.2300000000       404.5700000000        72.8400000000    886
      586.1300000000       439.0420000000       104.8310000000    887
      587.9190000000       461.0850000000       120.9580000000    888
      589.3770000000       528.9870000000        91.2180000000    889
      590.2580000000       454.0420000000       106.1390000000    890
      590.4110000000       517.1730000000       131.4750000000    891
      590.2040000000       533.0190000000       124.2290000000    892
      590.3230000000       593.3050000000       147.2600000000    893
      590.8420000000       420.5400000000        95.1920000000    894
      591.6890000000       397.6380000000       109.4420000000    895
      592.3510000000       432.1210000000       111.6540000000    896
      592.1880000000       492.1230000000       114.8540000000    897
      592.8710000000       377.7160000000       106.8120000000    898
      593.0690000000       357.5960000000        87.7150000000    899
      593.7710000000       388.7610000000       106.0210000000    900
      594.6710000000       527.1630000000       112.5380000000    901
      595.0670000000       617.9460000000       150.8930000000    902
      595.7420000000       463.3400000000       113.0940000000    903
      595.7790000000       603.8590000000       132.3800000000    904
      596.5430000000       415.1830000000       101.2480000000    905
      596.7200000000       484.9970000000       123.3500000000    906
      597.8960000000       400.9330000000        96.6670000000    907
      597.7560000000       538.0510000000       134.3120000000    908
      598.5870000000       428.2910000000       117.7420000000    909
      599.2580000000       470.5730000000       110.8560000000    910
      599.2860000000       507.7660000000       120.2710000000    911
      599.5440000000       450.5240000000       102.5550000000    912
      599.8270000000       538.0000000000       120.8160000000    913
      603.1820000000       477.5680000000       100.0050000000    914
      603.9640000000       418.9230000000       125.0500000000    915
      604.0870000000       378.1800000000       123.4640000000    916
      604.3930000000       451.6460000000       133.3680000000    917
      604.6150000000       411.1790000000        98.7150000000    918
      604.7980000000       471.5890000000       126.1270000000    919
      605.3090000000       425.8790000000        95.5200000000    920
      605.1590000000       527.3250000000       127.6570000000    921
      606.0440000000       508.6050000000       138.7700000000    922
      606.4300000000       434.6210000000        98.8230000000    923
      606.8100000000       514.9100000000       132.7790000000    924
      607.5030000000       446.9380000000        90.7980000000    925
      607.4150000000       540.8180000000       145.8030000000    926
      607.9890000000       435.7750000000       117.1110000000    927
      607.9710000000       459.4530000000       122.8040000000    928
      607.8600000000       495.1680000000       119.3740000000    929
      607.9400000000       498.7930000000        92.8770000000    930
      608.1440000000       547.3730000000        99.7570000000    931
      608.6150000000       416.2000000000        86.9480000000    932
      609.1190000000       472.7500000000       103.4090000000    933
      608.9680000000       476.2380000000       134.1700000000    934
      610.2010000000       523.2090000000       104.5210000000    935
      610.7350000000       535.4550000000       120.2300000000    936
      611.9990000000       510.3100000000       121.4280000000    937
      612.2910000000       538.5190000000       104.9290000000    938
      612.0600000000       620.0800000000       159.7630000000    939
      613.0120000000       485.1660000000       133.3380000000    940
      613.4230000000       440.2220000000       125.0240000000    941
      614.2680000000       481.4470000000       112.9350000000    942
      615.6920000000       486.7700000000        97.9990000000    943
      617.9340000000       488.6890000000       141.3280000000    944
      618.4000000000       497.8870000000       123.1370000000    945
      618.3760000000       539.0190000000       105.3390000000    946
      618.8610000000       435.4700000000       106.8850000000    947
      618.8120000000       519.1510000000       141.9530000000    948
      619.0700000000       473.0220000000       138.0730000000    949
      619.2860000000       473.7170000000       100.2140000000    950
      622.8130000000       533.3620000000       156.1700000000    951
      622.9910000000       552.1650000000       112.7080000000    952
      625.6310000000       496.9110000000       120.4670000000    953
      627.9690000000       526.8620000000       136.3630000000    954
      629.0070000000       517.0620000000       148.0690000000    955
      635.6140000000       543.9230000000       144.6040000000    956
      636.3030000000       506.2780000000       103.3860000000    957
      640.0610000000       557.5700000000       117.2640000000    958
      644.8090000000       478.1220000000       106.0360000000    959
      650.3990000000       487.3970000000       147.0630000000    960
      173.3710000000       499.2080000000        61.6960000000    961
      173.9990000000       502.1620000000        35.6440000000    962
      183.2670000000       531.7240000000        76.4880000000    963
      186.7720000000       515.6440000000        56.2210000000    964
      195.2560000000       502.5690000000        37.2900000000    965
      196.4700000000       502.4500000000        37.7830000000    966
      230.4020000000       131.8630000000        19.3850000000    967
      234.0320000000       588.4620000000        78.7130000000    968
      249.3350000000       560.8680000000        88.0530000000    969
      308.2180000000       485.6030000000        54.0520000000    970
      339.2640000000       274.3480000000        12.1680000000    971
      340.5270000000       439.7680000000        26.3680000000    972
      348.3600000000       608.1920000000        98.1550000000    973
      351.2710000000       608.6960000000        97.9440000000    974
      362.8490000000       525.6000000000        30.8510000000    975
      439.9080000000       229.8430000000        62.8490000000    976
      455.5040000000       255.6700000000        72.0800000000    977
      463.2150000000       259.4430000000        74.8740000000    978
      472.5170000000       240.8650000000        75.5650000000    979
      495.6650000000       626.2600000000       101.4850000000    980
      509.7130000000       335.3520000000        42.3970000000    981
      518.1510000000       241.0280000000        94.6790000000    982
      577.8780000000       352.6300000000       106.3390000000    983
      597.1190000000       437.3860000000        90.2440000000    984
