       74.8790000000       226.7670000000        69.1190000000      0
       75.8090000000       360.8370000000        61.4240000000      1
       76.0760000000       274.0630000000        79.2690000000      2
       76.6520000000       342.8970000000        73.5370000000      3
       78.3400000000       313.4480000000        76.5660000000      4
       83.8190000000       262.8350000000        64.9410000000      5
       84.3280000000       328.2170000000        66.9340000000      6
       84.5830000000       315.8260000000        52.0050000000      7
       87.1320000000       214.5150000000        77.4970000000      8
       88.4920000000       343.1040000000        56.3190000000      9
       88.4520000000       383.2880000000        60.3140000000     10
       89.4140000000       367.4830000000        50.3200000000     11
       92.3680000000       402.9600000000        53.7480000000     12
       93.5550000000       258.0260000000        71.7920000000     13
       93.7160000000       345.8240000000        65.7730000000     14
       94.7820000000       290.0500000000        47.3740000000     15
       94.8880000000       214.5920000000        83.9110000000     16
       95.0680000000       323.1250000000        69.6440000000     17
       96.8110000000       287.5210000000        54.3490000000     18
       97.3260000000       274.9010000000        40.3990000000     19
       97.8530000000       374.9840000000        38.2810000000     20
       98.5930000000       292.4640000000        41.3090000000     21
       98.4050000000       309.2480000000        55.4110000000     22
       99.0150000000       290.7970000000        69.0880000000     23
       99.5450000000       189.2630000000        65.2510000000     24
      100.4990000000       249.2160000000        69.3330000000     25
      100.6980000000       197.0320000000        52.9710000000     26
      100.7260000000       304.4520000000        41.0030000000     27
      101.7760000000       272.1950000000        43.1880000000     28
      102.9310000000       286.1560000000        38.9970000000     29
      103.0930000000       238.6800000000        84.7920000000     30
      103.5690000000       170.1200000000        97.1150000000     31
      103.3590000000       366.0460000000        40.1960000000     32
      103.7050000000       275.3430000000        27.1680000000     33
      104.3730000000       251.1420000000        47.2450000000     34
      104.1550000000       404.3560000000        54.5720000000     35
      104.5330000000       269.7070000000        27.7170000000     36
      105.1560000000       405.6960000000        46.9290000000     37
      106.4600000000       294.3300000000        19.1450000000     38
      106.8210000000       332.6740000000        43.6930000000     39
      106.9800000000       315.1880000000        30.2030000000     40
      107.2000000000       203.3430000000        73.4110000000     41
      107.4710000000       267.6230000000        35.9490000000     42
      109.7770000000       345.1750000000        35.8590000000     43
      110.6670000000       244.0320000000        87.7850000000     44
      111.7650000000       422.7370000000        49.8000000000     45
      112.4630000000       127.6290000000       100.4960000000     46
      114.1480000000       415.3770000000        58.7910000000     47
      114.5090000000       190.3630000000        94.9430000000     48
      114.2390000000       269.1870000000        77.9980000000     49
      114.6460000000       269.5470000000        31.9410000000     50
      115.1850000000       297.8460000000        27.9390000000     51
      114.9470000000       352.6180000000        60.5660000000     52
      115.8660000000       313.1500000000        32.7110000000     53
      116.2910000000       227.4240000000        84.2590000000     54
      116.1640000000       420.0480000000        42.0750000000     55
      116.5270000000       235.1520000000        50.1430000000     56
      116.4680000000       298.2700000000        19.4170000000     57
      117.5950000000       203.9220000000        97.7150000000     58
      117.4680000000       267.5370000000        36.6340000000     59
      117.7850000000       305.9530000000        67.2540000000     60
      118.7530000000       194.0900000000        40.1570000000     61
      118.9230000000       211.3470000000        52.4730000000     62
      119.2140000000       169.9410000000        58.9860000000     63
      120.7880000000       283.9870000000        30.4730000000     64
      121.2360000000       187.1220000000        60.7850000000     65
      121.1650000000       250.0490000000        35.9700000000     66
      121.2360000000       331.3670000000        69.6720000000     67
      121.8570000000       354.0270000000        20.4620000000     68
      122.2640000000       277.4930000000        77.0580000000     69
      122.3530000000       215.5030000000        52.1030000000     70
      122.4040000000       228.3270000000        32.3090000000     71
      122.6960000000       441.4690000000        45.1590000000     72
      123.2320000000       405.3140000000        22.3250000000     73
      123.3550000000       165.2980000000        47.2990000000     74
      123.6680000000       344.1260000000        49.5340000000     75
      123.6570000000       367.9750000000        33.2830000000     76
      123.8140000000       203.4500000000        54.3330000000     77
      124.9760000000       230.3890000000        86.9960000000     78
      125.4540000000       295.4820000000        41.4720000000     79
      126.4830000000       139.3300000000       114.5370000000     80
      126.3140000000       310.2400000000        30.6320000000     81
      126.6430000000       124.1320000000        80.1250000000     82
      127.1780000000       209.7350000000        43.8970000000     83
      127.2060000000       340.9940000000        31.8540000000     84
      127.2310000000       277.8310000000        19.1630000000     85
      127.7830000000       323.9140000000         7.3920000000     86
      127.6540000000       424.0270000000        35.2690000000     87
      129.1840000000       294.6790000000        74.5360000000     88
      129.1810000000       396.7910000000        11.8800000000     89
      129.6940000000       197.0280000000        87.9640000000     90
      129.8930000000       234.3610000000        38.0050000000     91
      129.7140000000       345.9550000000        18.6830000000     92
      130.0640000000       284.8010000000        22.6570000000     93
      131.0080000000       354.1770000000        62.9640000000     94
      131.2470000000       396.2060000000        21.7890000000     95
      131.6300000000       392.9550000000        12.2470000000     96
      132.1660000000       155.0540000000        70.1740000000     97
      132.8170000000       433.1750000000         8.5350000000     98
      132.9700000000       414.1000000000        20.3630000000     99
      133.0250000000       428.2080000000        53.7210000000    100
      133.1450000000       451.9130000000        38.6320000000    101
      133.7530000000       168.9020000000        58.9670000000    102
      133.6340000000       241.5790000000        66.7600000000    103
      133.5810000000       307.5860000000        23.9190000000    104
      133.7000000000       345.6910000000        45.3000000000    105
      133.7450000000       382.6150000000        28.3500000000    106
      133.6600000000       450.6080000000        16.9540000000    107
      133.9200000000       421.5070000000         8.8640000000    108
      135.2710000000       124.6800000000        79.2040000000    109
      135.2010000000       341.1240000000        22.9090000000    110
      136.1130000000       119.7660000000        79.1710000000    111
      136.2970000000       353.3140000000         9.7080000000    112
      137.0380000000       278.1180000000        42.0490000000    113
      137.7930000000       220.5390000000        94.5500000000    114
      137.7890000000       275.1290000000        22.2450000000    115
      138.0070000000       420.5030000000        19.6420000000    116
      138.2700000000       460.2220000000        24.6860000000    117
      138.8260000000       435.8870000000        57.2160000000    118
      139.2300000000       298.9310000000        37.5340000000    119
      140.0790000000       385.3740000000        14.4280000000    120
      140.3460000000       133.6480000000       121.9840000000    121
      140.4800000000       210.5300000000        38.1360000000    122
      140.4050000000       400.3020000000         4.2870000000    123
      141.2610000000       200.1440000000        37.2410000000    124
      141.6230000000       225.9800000000        42.5300000000    125
      141.5430000000       325.4360000000        19.8440000000    126
      142.4820000000       130.9920000000        72.3120000000    127
      142.5260000000       226.7070000000        81.5470000000    128
      142.9870000000       237.6900000000        85.8810000000    129
      143.0090000000       339.9730000000        14.9210000000    130
      143.5960000000       179.3390000000        93.5040000000    131
      143.5910000000       187.9750000000       101.8910000000    132
      143.6630000000       333.7980000000        30.0250000000    133
      144.2860000000       283.8770000000        42.9470000000    134
      144.3830000000       290.0560000000        26.1240000000    135
      144.3810000000       349.7510000000        59.6890000000    136
      144.5010000000       419.6700000000        59.4420000000    137
      145.0160000000       314.9420000000        73.2080000000    138
      145.0730000000       384.3270000000        62.9060000000    139
      145.4650000000       346.8190000000        75.4840000000    140
      145.6220000000       380.9330000000         6.5060000000    141
      145.5140000000       382.8200000000        23.1540000000    142
      145.8140000000       440.8960000000        54.4690000000    143
      146.3110000000       119.7030000000       129.6570000000    144
      146.3320000000       266.8190000000        24.2900000000    145
      146.7150000000       295.7380000000        69.2170000000    146
      147.1670000000       139.3970000000        68.1830000000    147
      147.4810000000       205.0330000000        46.5300000000    148
      147.4340000000       407.9330000000        61.3420000000    149
      148.9640000000       263.6270000000        17.9140000000    150
      149.6050000000       129.8740000000       106.3810000000    151
      149.9140000000       281.4960000000        72.9710000000    152
      149.8680000000       399.1000000000        53.4690000000    153
      150.3190000000       372.5280000000        56.0480000000    154
      151.3430000000       405.0460000000        14.0850000000    155
      151.8040000000       365.5200000000        63.6790000000    156
      152.0430000000       337.3390000000        66.9970000000    157
      152.2780000000       320.4660000000        72.8330000000    158
      152.7840000000       277.7680000000        43.9400000000    159
      153.8290000000        97.3580000000        93.5620000000    160
      154.4200000000       350.9510000000        59.1930000000    161
      154.5570000000       435.8440000000        45.0720000000    162
      154.8630000000       219.4870000000        86.2480000000    163
      154.8070000000       264.8630000000        76.8360000000    164
      154.7190000000       279.8140000000        74.5410000000    165
      154.9310000000       282.4290000000        17.5000000000    166
      155.1360000000       154.7530000000       103.7990000000    167
      155.2440000000       307.1890000000        73.7030000000    168
      155.5390000000       229.8870000000        86.8970000000    169
      156.0760000000       381.4770000000        59.7120000000    170
      156.9180000000       229.3240000000        25.7230000000    171
      157.2760000000       232.9530000000        78.1970000000    172
      157.5630000000       157.1290000000        64.2010000000    173
      158.4140000000       323.6760000000        31.9780000000    174
      158.8720000000       135.8890000000        77.7080000000    175
      159.8580000000       213.3490000000        55.6020000000    176
      159.6460000000       349.2490000000        64.2150000000    177
      160.3540000000       125.7070000000        65.2470000000    178
      160.5000000000       289.8350000000        74.8150000000    179
      160.9710000000       105.3540000000       119.9580000000    180
      161.4490000000       342.9570000000        71.0840000000    181
      161.7700000000       257.5280000000        85.9420000000    182
      163.7340000000       277.6080000000        84.9080000000    183
      165.0750000000       233.5000000000        95.5430000000    184
      165.9990000000       361.5620000000         3.6350000000    185
      166.4520000000        94.9560000000        91.0060000000    186
      166.6030000000       113.7560000000        80.9080000000    187
      167.0430000000       218.6750000000        86.1120000000    188
      168.1470000000       328.2660000000        37.2730000000    189
      168.1000000000       352.9580000000        31.0010000000    190
      169.6520000000       122.6510000000        57.5160000000    191
      169.6170000000       209.5640000000        92.0780000000    192
      170.8340000000       305.6030000000        36.0620000000    193
      171.2870000000       346.0960000000        62.7720000000    194
      171.7600000000       358.2350000000         4.1000000000    195
      171.6220000000       469.1920000000        14.1150000000    196
      172.3750000000       396.3880000000        59.6250000000    197
      172.7920000000       196.0460000000        34.0520000000    198
      172.7020000000       234.8610000000        92.9130000000    199
      172.8010000000       447.6170000000        26.8130000000    200
      173.1810000000       281.2490000000        13.8550000000    201
      175.6350000000       118.5520000000        82.9370000000    202
      175.4040000000       178.6260000000        93.5280000000    203
      175.7350000000       253.1370000000        80.2830000000    204
      175.9770000000       266.0710000000        79.7570000000    205
      175.9200000000       292.7380000000        70.3730000000    206
      176.7540000000       371.8440000000        39.3320000000    207
      177.9400000000       105.5200000000        91.8490000000    208
      177.8950000000       204.2730000000        32.9430000000    209
      178.1470000000       279.9650000000        76.0070000000    210
      178.0590000000       327.4290000000        66.0350000000    211
      178.7280000000       387.9550000000        28.3490000000    212
      179.3490000000       201.5470000000        92.9240000000    213
      179.5290000000       314.6990000000        69.1220000000    214
      179.6780000000       240.4190000000        91.0490000000    215
      179.6810000000       285.3550000000        13.4050000000    216
      180.2330000000       166.6850000000       101.2970000000    217
      180.3760000000       250.4850000000        86.0160000000    218
      181.0490000000       225.1930000000        82.6520000000    219
      181.1950000000       361.2430000000        65.5040000000    220
      181.6800000000        76.4680000000       109.0130000000    221
      181.5920000000       209.6770000000        91.5490000000    222
      182.1430000000       345.7900000000        64.8610000000    223
      182.9670000000       172.2680000000       103.7000000000    224
      183.0770000000       257.6800000000        55.8580000000    225
      182.8220000000       296.4450000000        67.4590000000    226
      183.2240000000        83.7540000000       107.7930000000    227
      183.9120000000       380.7260000000        37.0390000000    228
      185.1920000000       255.2440000000        72.2840000000    229
      185.1970000000       285.2010000000        45.3530000000    230
      185.5220000000       319.4610000000        47.9740000000    231
      185.8860000000       133.7040000000       118.1030000000    232
      185.8550000000       370.7230000000        46.8380000000    233
      186.6430000000        91.8200000000        99.4710000000    234
      187.4100000000        92.8270000000        77.2160000000    235
      187.8610000000       253.3290000000        58.6130000000    236
      188.2000000000       111.7390000000       126.1710000000    237
      189.0230000000       156.0020000000        43.8790000000    238
      188.9460000000       317.8990000000        68.3780000000    239
      189.4400000000       322.7680000000        57.3250000000    240
      189.9940000000       230.5970000000        90.7680000000    241
      190.2710000000       356.5680000000        57.9810000000    242
      190.7080000000       410.6540000000        34.2410000000    243
      191.0320000000       161.9560000000        47.9470000000    244
      191.7270000000       105.0060000000       130.0640000000    245
      191.9120000000       169.4670000000        47.2840000000    246
      193.0590000000       237.1650000000        73.1980000000    247
      193.3420000000       174.5940000000        48.1980000000    248
      193.6840000000        85.7310000000       114.6630000000    249
      193.7090000000       267.9980000000        57.4830000000    250
      193.7430000000       361.7910000000         7.4930000000    251
      194.0490000000       297.4180000000        13.9530000000    252
      194.1370000000       338.4510000000        45.9970000000    253
      194.6500000000       233.3140000000        30.6640000000    254
      194.6110000000       397.4330000000        31.6800000000    255
      195.2250000000       365.2170000000        22.7590000000    256
      195.4600000000       240.6820000000        57.9100000000    257
      196.0530000000       194.3760000000        68.6740000000    258
      195.8370000000       227.6860000000        65.9700000000    259
      195.8610000000       413.2280000000        12.9910000000    260
      197.2000000000       217.7730000000       106.2720000000    261
      197.7600000000       201.7710000000        70.5380000000    262
      197.7310000000       235.9040000000        66.0840000000    263
      198.4290000000       214.9350000000        85.8190000000    264
      199.1630000000       102.0330000000       130.8900000000    265
      199.6580000000       272.7510000000        56.6650000000    266
      199.8070000000       296.1660000000        45.3640000000    267
      200.2130000000       191.5530000000        99.5000000000    268
      200.6440000000       135.8930000000        80.5990000000    269
      201.1970000000       262.0420000000        34.6980000000    270
      201.8680000000       153.6330000000       103.9260000000    271
      202.4080000000       379.6160000000        25.6500000000    272
      203.0070000000       312.3390000000        51.8340000000    273
      205.4170000000       285.5780000000        28.6130000000    274
      205.7770000000       201.2660000000        67.0650000000    275
      206.4420000000       171.7370000000       101.2930000000    276
      207.5230000000       250.8760000000        55.3370000000    277
      207.8000000000       230.5760000000        52.9920000000    278
      208.1300000000       293.6010000000        26.9250000000    279
      209.0440000000       149.2630000000        90.2520000000    280
      209.0380000000       236.3800000000        41.9460000000    281
      209.9560000000       131.7440000000        62.7600000000    282
      210.1080000000       420.8850000000        15.8920000000    283
      212.6380000000        92.0380000000        82.6700000000    284
      212.8320000000       330.6390000000        33.6920000000    285
      213.2160000000       148.2520000000        93.6830000000    286
      213.7070000000        95.4000000000       106.4620000000    287
      213.7680000000       266.7010000000        52.0830000000    288
      213.7230000000       338.3490000000        27.3950000000    289
      214.2630000000       150.2380000000        73.3160000000    290
      214.3250000000       229.5680000000        36.2880000000    291
      214.6480000000       172.4060000000        59.2130000000    292
      214.7700000000       226.4910000000        30.4630000000    293
      215.6280000000       215.1250000000        67.9320000000    294
      215.6660000000       287.8900000000        41.8780000000    295
      215.7030000000       307.1820000000        28.8370000000    296
      215.8960000000       151.1530000000        63.4430000000    297
      216.6020000000       197.6900000000        83.5600000000    298
      217.3730000000       199.4640000000        49.2520000000    299
      218.4050000000       218.4640000000        59.9050000000    300
      218.8390000000       236.9850000000        41.9700000000    301
      221.2390000000       201.0100000000        60.9930000000    302
      221.5760000000       184.2910000000        79.0930000000    303
      221.4560000000       271.9490000000        35.2950000000    304
      223.0070000000       170.6750000000        83.6510000000    305
      224.4770000000       149.9630000000        76.1310000000    306
      224.8500000000       338.0600000000        16.7480000000    307
      226.0820000000       240.4910000000        43.4950000000    308
      226.5680000000       174.5570000000        62.9170000000    309
      226.7590000000       191.8900000000        59.3260000000    310
      228.8920000000        97.3980000000       115.2050000000    311
      232.9710000000        67.1180000000       115.0080000000    312
      232.7730000000       102.9900000000        77.8330000000    313
      233.7780000000       161.4910000000        79.2080000000    314
      237.5130000000       137.9550000000       107.0610000000    315
      237.7610000000       144.0050000000       129.7730000000    316
      239.7770000000        64.2730000000       119.3870000000    317
      240.1770000000       143.9980000000       100.3980000000    318
      244.8830000000        54.4750000000       115.6520000000    319
      245.2310000000       135.4680000000        67.9250000000    320
      246.1920000000       149.9660000000       103.0350000000    321
      246.7050000000       160.0140000000        53.7990000000    322
      246.7230000000       149.3100000000        65.1820000000    323
      248.0710000000       118.0970000000       128.0640000000    324
      250.0610000000       169.6830000000        81.0270000000    325
      251.6260000000        99.7130000000        80.1660000000    326
      251.5290000000       124.8510000000        74.2300000000    327
      252.0980000000       130.4100000000        74.1250000000    328
      252.5220000000       154.2770000000        73.0790000000    329
      253.7720000000        82.1920000000       106.0980000000    330
      253.7840000000       182.0510000000        57.0030000000    331
      254.5260000000       197.1080000000        51.8950000000    332
      256.0970000000       127.7440000000        85.0110000000    333
      256.1950000000       169.3180000000        64.7480000000    334
      256.1070000000       177.8230000000        85.0210000000    335
      258.4920000000       187.2720000000        70.7670000000    336
      258.8330000000        71.9030000000       101.5370000000    337
      258.8110000000       203.6320000000        78.9070000000    338
      260.3550000000        77.4990000000       134.2300000000    339
      260.2230000000       169.9720000000        51.2500000000    340
      261.7320000000       105.9400000000        75.5070000000    341
      262.3870000000       121.0330000000       129.8480000000    342
      263.2160000000       175.1800000000        65.3740000000    343
      263.0620000000       217.3630000000        66.1430000000    344
      263.6940000000       102.2140000000        96.8450000000    345
      265.8920000000       213.8060000000        74.1330000000    346
      266.2630000000       115.8260000000        73.1140000000    347
      267.7420000000       230.6590000000        67.5680000000    348
      269.5990000000       234.9770000000        37.0040000000    349
      270.2830000000       179.3730000000        74.1590000000    350
      271.2670000000       270.2890000000        30.7630000000    351
      271.3970000000       209.9140000000        84.6630000000    352
      273.6730000000       169.0560000000       107.7660000000    353
      274.6460000000       128.0720000000       127.0220000000    354
      274.7060000000       177.9960000000       102.6570000000    355
      275.1470000000        87.5980000000       119.3750000000    356
      275.8250000000       213.4070000000        55.6440000000    357
      276.0490000000       205.8210000000        45.7860000000    358
      277.5900000000       209.0010000000        55.7390000000    359
      277.5390000000       225.2880000000        50.6660000000    360
      277.9500000000       157.4480000000       104.4870000000    361
      277.6820000000       181.2940000000        45.0280000000    362
      279.8590000000        83.1330000000       119.5550000000    363
      280.5140000000       227.8210000000        30.1870000000    364
      281.6920000000       222.5160000000        90.8650000000    365
      282.0970000000       185.0380000000        81.5690000000    366
      282.3820000000       311.7930000000        25.5040000000    367
      282.9670000000       241.2810000000        64.7680000000    368
      283.8480000000       209.5870000000        91.5140000000    369
      283.6770000000       338.2350000000        20.1060000000    370
      283.9810000000       288.7100000000        51.6860000000    371
      284.9450000000        90.5520000000       101.2410000000    372
      286.5610000000       275.7260000000        58.3650000000    373
      286.9310000000        82.0970000000       108.1540000000    374
      287.3400000000       271.0700000000        58.1500000000    375
      288.0720000000       320.4240000000        19.4020000000    376
      288.3390000000       293.2430000000        37.5590000000    377
      288.6080000000       299.6990000000        27.5640000000    378
      289.7240000000       251.1650000000        39.9820000000    379
      290.0600000000       161.9170000000       100.3840000000    380
      290.4730000000       190.7550000000       101.4950000000    381
      290.3560000000       272.8470000000        76.0840000000    382
      290.4170000000       308.4510000000        42.3680000000    383
      291.3230000000       157.5760000000        48.8890000000    384
      291.1810000000       241.2540000000        86.1440000000    385
      291.9390000000       280.2360000000        71.6510000000    386
      292.6460000000       320.8300000000        54.1540000000    387
      292.9930000000       174.9430000000       100.5940000000    388
      293.2060000000       361.0060000000        26.8330000000    389
      293.6230000000       100.7490000000       130.2690000000    390
      293.7190000000       247.2480000000        84.2490000000    391
      293.7550000000       260.9980000000        58.5680000000    392
      293.4770000000       282.3020000000        23.3400000000    393
      293.6620000000       319.5090000000        38.5800000000    394
      294.1790000000       196.9960000000        99.1160000000    395
      294.7870000000       234.6070000000        87.8650000000    396
      294.7480000000       397.5780000000        24.0450000000    397
      295.9680000000       115.7120000000       113.2260000000    398
      295.9770000000       433.8280000000        16.0410000000    399
      296.5470000000       192.5700000000        39.7750000000    400
      296.9490000000       127.4770000000       131.7330000000    401
      297.0550000000       209.5640000000        89.5070000000    402
      297.6220000000       124.8690000000        61.6560000000    403
      297.5760000000       262.1790000000        78.6310000000    404
      297.3340000000       299.6950000000        66.9000000000    405
      298.4690000000       338.9090000000        17.4450000000    406
      299.3570000000       123.4930000000        74.0670000000    407
      299.6930000000       112.9090000000       111.0150000000    408
      300.2260000000       320.9470000000        52.7260000000    409
      300.7310000000       274.7730000000        76.4600000000    410
      300.8140000000       380.2730000000        46.3670000000    411
      301.3120000000       116.1170000000        90.9200000000    412
      301.3450000000       204.3180000000        67.3510000000    413
      301.7660000000       274.7040000000        69.8750000000    414
      301.7300000000       334.4240000000        39.1610000000    415
      302.2300000000       110.6310000000        92.0500000000    416
      302.1050000000       316.1730000000        65.8700000000    417
      302.4350000000       294.7960000000        75.2580000000    418
      302.5390000000       330.7880000000        66.3240000000    419
      302.7730000000       231.7540000000        84.8960000000    420
      303.1080000000       100.6220000000        93.5970000000    421
      303.1170000000       414.4720000000        20.6950000000    422
      303.4660000000       243.9850000000        73.6840000000    423
      303.8700000000       154.9850000000       114.6630000000    424
      303.8610000000       386.3100000000        37.6770000000    425
      305.1910000000       245.2560000000        84.0370000000    426
      305.1920000000       310.0170000000        72.4580000000    427
      305.8550000000       371.8280000000        28.1660000000    428
      306.4260000000       124.4380000000        87.6960000000    429
      306.3500000000       180.3550000000        44.2030000000    430
      306.2400000000       281.1190000000        53.0580000000    431
      307.3210000000       330.2170000000        67.3870000000    432
      307.6290000000       185.3990000000       101.9170000000    433
      308.3890000000       148.9160000000       120.4740000000    434
      309.2230000000       201.2010000000       100.3840000000    435
      309.2160000000       411.5270000000        19.9650000000    436
      309.4530000000       424.7130000000        33.8210000000    437
      309.6290000000       196.2890000000        89.3100000000    438
      310.5860000000       132.1170000000       125.3220000000    439
      311.1000000000       219.7050000000        84.1810000000    440
      311.5710000000       219.6310000000        33.0080000000    441
      311.6670000000       227.1300000000        64.6900000000    442
      312.5440000000       286.3980000000        82.9620000000    443
      313.6010000000       353.7500000000        65.9120000000    444
      313.9490000000       411.1850000000        55.1780000000    445
      314.8570000000       122.5420000000        71.7140000000    446
      314.6280000000       128.1560000000       107.4500000000    447
      314.5390000000       366.3680000000        79.6030000000    448
      314.7290000000       434.0970000000        34.9720000000    449
      315.2340000000        97.6260000000        97.0590000000    450
      314.9770000000       211.6500000000        33.5400000000    451
      315.1060000000       377.5160000000        71.2950000000    452
      315.4640000000       188.8470000000        65.2950000000    453
      315.3110000000       366.1310000000        64.3200000000    454
      315.8050000000       129.2140000000        80.9210000000    455
      315.6630000000       292.9110000000        74.1180000000    456
      315.7450000000       449.5820000000         8.0110000000    457
      316.6230000000       461.4180000000        24.8780000000    458
      317.2320000000       290.5470000000        57.8550000000    459
      317.2540000000       322.4320000000        40.9970000000    460
      317.3600000000       340.4170000000        40.0800000000    461
      318.0460000000       257.6970000000        26.0390000000    462
      318.5500000000       333.9780000000        73.5980000000    463
      319.4420000000       258.8450000000        82.2500000000    464
      320.2210000000       279.3280000000        83.1020000000    465
      320.2310000000       299.0340000000        74.2640000000    466
      321.2720000000       147.4300000000        58.3020000000    467
      322.5670000000       146.7110000000        74.3600000000    468
      322.7730000000       205.0330000000        97.2070000000    469
      323.3170000000       220.5660000000        88.9440000000    470
      323.3780000000       201.1910000000        38.0810000000    471
      323.4890000000       231.6210000000        86.3740000000    472
      323.9110000000       227.8040000000        48.8070000000    473
      323.7910000000       468.9020000000        24.3000000000    474
      324.3920000000       121.3130000000       109.7470000000    475
      324.8770000000       419.0480000000        36.1390000000    476
      326.3350000000       253.4890000000        64.2490000000    477
      326.2790000000       289.7510000000        54.8940000000    478
      326.6860000000       153.4960000000        77.2790000000    479
      326.5960000000       280.8390000000        22.3230000000    480
      326.5270000000       377.5060000000        62.3000000000    481
      327.1600000000       394.6370000000        10.4260000000    482
      327.4830000000       174.1550000000        62.7330000000    483
      327.3780000000       334.4220000000        46.0030000000    484
      327.7290000000       178.3430000000        52.5910000000    485
      328.6100000000       358.2660000000        70.7900000000    486
      329.4200000000       392.4690000000        75.6880000000    487
      329.8550000000       359.7690000000        57.3190000000    488
      330.3170000000       132.2390000000       119.3100000000    489
      330.0550000000       146.8110000000        97.4290000000    490
      330.0600000000       430.6240000000        51.5830000000    491
      330.6260000000       326.5210000000        47.4560000000    492
      330.5020000000       385.9570000000         8.7140000000    493
      330.7160000000       281.2940000000        40.8880000000    494
      330.9960000000       388.2250000000        36.2460000000    495
      331.5280000000       128.0120000000       120.3580000000    496
      332.1860000000       191.8770000000       100.5850000000    497
      332.7690000000       204.2350000000        47.3980000000    498
      332.6840000000       301.7040000000        51.8280000000    499
      332.7750000000       414.8820000000        66.5090000000    500
      334.8460000000       368.4740000000        75.4610000000    501
      336.1010000000       369.5950000000        70.4440000000    502
      336.2820000000       380.0400000000        70.1130000000    503
      336.3090000000       456.8460000000        39.0340000000    504
      336.6410000000       329.2340000000        76.6250000000    505
      336.7130000000       243.2700000000        39.5880000000    506
      337.5840000000       164.1420000000        61.8680000000    507
      337.4040000000       275.0750000000        87.3970000000    508
      337.7920000000       231.1890000000        59.8380000000    509
      337.8180000000       310.7470000000        79.0020000000    510
      338.1270000000       280.1430000000        26.9930000000    511
      338.7200000000       288.0250000000        46.5230000000    512
      339.8120000000       167.5100000000        71.4620000000    513
      340.1240000000       353.6670000000        72.2960000000    514
      340.7760000000       240.6800000000        39.8430000000    515
      340.8290000000       400.7960000000        30.8800000000    516
      341.1530000000       350.5880000000        33.4670000000    517
      341.4660000000       185.6760000000        60.3310000000    518
      342.1170000000       173.1000000000       110.7320000000    519
      341.9830000000       389.5270000000        68.7300000000    520
      342.8840000000       197.1020000000        54.2360000000    521
      342.7290000000       287.9620000000        25.9400000000    522
      342.8270000000       301.8100000000        35.4840000000    523
      343.3310000000       332.6250000000        67.3980000000    524
      343.0940000000       359.9840000000        44.3200000000    525
      343.5620000000       220.3410000000        40.2770000000    526
      343.9550000000       235.5000000000        50.4690000000    527
      345.2930000000       152.4000000000       124.5170000000    528
      345.3690000000       441.7000000000        37.7840000000    529
      346.5010000000       381.9350000000        31.9700000000    530
      346.1670000000       397.6820000000        60.3430000000    531
      346.7440000000       387.9590000000        77.8250000000    532
      346.7920000000       396.3720000000        10.6340000000    533
      347.9940000000       327.5040000000        18.8240000000    534
      348.2700000000       416.3250000000        69.1310000000    535
      348.3010000000       359.2700000000        67.5760000000    536
      348.4910000000       368.2520000000        60.6820000000    537
      348.4820000000       408.4580000000        71.8670000000    538
      349.3990000000       173.3700000000       114.6050000000    539
      349.4720000000       334.3050000000        20.6070000000    540
      349.9430000000       212.0200000000        57.5370000000    541
      350.2000000000       269.9050000000        83.2540000000    542
      350.0390000000       304.8100000000        66.6640000000    543
      350.7490000000       213.7390000000        92.2750000000    544
      350.8160000000       256.2650000000        43.6450000000    545
      351.2780000000       131.4450000000       113.7720000000    546
      351.3930000000       324.1210000000        41.3330000000    547
      352.0820000000       204.6060000000        98.5070000000    548
      351.8400000000       422.2270000000        11.2110000000    549
      351.9010000000       451.1220000000        54.8680000000    550
      352.2810000000       309.8560000000        23.9650000000    551
      352.8240000000       367.7400000000        29.3390000000    552
      353.2670000000       447.4050000000        60.1320000000    553
      355.2020000000       371.8790000000        30.3530000000    554
      355.4870000000       170.3170000000        71.2590000000    555
      355.4070000000       227.7110000000        93.9000000000    556
      355.9830000000       181.8860000000       110.2910000000    557
      355.9550000000       389.5600000000        25.1050000000    558
      355.8630000000       434.1410000000        28.9800000000    559
      356.3140000000       205.4430000000        68.7630000000    560
      356.2550000000       370.5400000000        78.1870000000    561
      356.5220000000       282.1730000000        33.3900000000    562
      357.0370000000       259.8470000000        75.1000000000    563
      357.1640000000       414.2780000000        27.5080000000    564
      357.7600000000       319.0770000000        32.0610000000    565
      357.7320000000       357.8800000000        27.1790000000    566
      358.0120000000       358.7370000000        73.6760000000    567
      360.7010000000       372.1680000000        37.0620000000    568
      360.8990000000       391.6060000000        68.7900000000    569
      360.7620000000       397.2790000000        22.6780000000    570
      360.9550000000       390.4350000000        23.2100000000    571
      362.0740000000       217.2920000000        63.0020000000    572
      362.0350000000       382.0940000000        77.3330000000    573
      362.7950000000       243.0290000000        42.2140000000    574
      363.2070000000       392.1870000000        43.7260000000    575
      363.7350000000       317.3270000000        59.6630000000    576
      363.7510000000       231.1710000000        51.8990000000    577
      363.8020000000       405.1020000000        42.7100000000    578
      363.8450000000       422.7670000000        62.9780000000    579
      364.4010000000       416.5230000000        20.5050000000    580
      365.3910000000       173.6420000000        82.2590000000    581
      365.3170000000       283.9600000000        40.9870000000    582
      365.2500000000       436.5740000000        27.8080000000    583
      365.1820000000       444.6990000000        59.1840000000    584
      365.7760000000       247.4570000000        45.9100000000    585
      366.0280000000       162.2800000000        88.0400000000    586
      367.1570000000       344.9690000000        19.2480000000    587
      367.7380000000       338.6080000000        38.4700000000    588
      368.2050000000       275.8430000000        78.0080000000    589
      368.1800000000       347.9370000000        28.6350000000    590
      369.2420000000       425.2130000000        35.2120000000    591
      369.3990000000       220.1310000000        57.5370000000    592
      369.6180000000       301.5280000000        43.2800000000    593
      369.8180000000       294.4730000000        77.4680000000    594
      370.7380000000       415.8720000000        34.1110000000    595
      370.9910000000       376.2790000000        33.4990000000    596
      371.2250000000       305.8730000000        32.8190000000    597
      371.3200000000       444.4080000000        45.3060000000    598
      371.8720000000       337.6440000000        74.6690000000    599
      372.2230000000       319.2950000000        31.0580000000    600
      372.2190000000       353.4670000000        25.9510000000    601
      372.5500000000       210.5280000000        79.2630000000    602
      373.4320000000       254.6640000000        39.0850000000    603
      373.5610000000       400.1950000000        34.5130000000    604
      374.1360000000       205.3820000000        64.6900000000    605
      375.6410000000       316.8430000000        66.5440000000    606
      375.9780000000       393.6530000000        19.7670000000    607
      376.2420000000       272.6780000000        48.3480000000    608
      376.7190000000       324.2010000000        72.8490000000    609
      377.0390000000       387.1430000000        40.3210000000    610
      378.2320000000       287.7390000000        45.7960000000    611
      378.4680000000       337.5320000000        33.4830000000    612
      379.0760000000       450.3350000000        51.9010000000    613
      379.2240000000       260.2680000000        59.6030000000    614
      380.6370000000       253.9250000000        46.9190000000    615
      381.1640000000       281.4270000000        40.4410000000    616
      381.4740000000       438.7720000000        43.2800000000    617
      381.7860000000       185.3610000000        91.7050000000    618
      381.9790000000       226.5930000000        74.6820000000    619
      382.4230000000       244.6310000000        69.9520000000    620
      382.4520000000       377.8210000000        34.0260000000    621
      382.9840000000       203.5630000000        74.0850000000    622
      382.8210000000       366.4650000000        72.2240000000    623
      383.6330000000       374.3220000000        76.6230000000    624
      383.9630000000       347.6080000000        34.5550000000    625
      385.2970000000       264.3950000000        47.1230000000    626
      385.6100000000       258.5600000000        59.8310000000    627
      386.7970000000       339.4020000000        40.1150000000    628
      386.8590000000       363.7680000000        43.8320000000    629
      386.6180000000       406.7200000000        35.9060000000    630
      386.8380000000       443.6990000000        61.3280000000    631
      387.3430000000       284.7910000000        76.3850000000    632
      387.4370000000       304.5840000000        41.6530000000    633
      390.2830000000       273.1410000000        86.9840000000    634
      392.8620000000       380.8640000000        80.0880000000    635
      393.1310000000       424.9910000000        61.2200000000    636
      393.3990000000       226.3860000000        75.4070000000    637
      393.7880000000       203.7800000000        92.1780000000    638
      393.9800000000       318.3470000000        70.5560000000    639
      394.2040000000       388.8920000000        70.5660000000    640
      395.4640000000       409.3430000000        45.1990000000    641
      398.8720000000       291.9050000000        77.7040000000    642
      399.1860000000       388.0740000000        60.8480000000    643
      399.3580000000       251.3860000000        96.1150000000    644
      399.6820000000       326.1780000000        41.5290000000    645
      399.8120000000       423.7380000000        61.2080000000    646
      401.0750000000       401.8270000000        52.3440000000    647
      401.5030000000       281.3800000000        62.9880000000    648
      402.9620000000       348.4440000000        48.9370000000    649
      402.8630000000       372.8680000000        77.9170000000    650
      404.2550000000       295.2900000000        86.3780000000    651
      404.9660000000       313.2700000000        73.5320000000    652
      409.8500000000       319.6660000000        80.2410000000    653
      411.6310000000       380.2610000000        60.0920000000    654
      413.3240000000       294.9610000000        75.9000000000    655
      414.2070000000       298.3060000000        85.5680000000    656
      416.0830000000       418.8320000000        55.9300000000    657
      417.3950000000       355.8080000000        71.5630000000    658
      420.8060000000       416.0300000000        65.8250000000    659
      421.9890000000       335.1450000000        80.5090000000    660
      436.2170000000       410.4900000000        73.4470000000    661
      105.8380000000       368.3010000000        30.2460000000    662
      110.8130000000       396.8140000000        30.2520000000    663
      120.0030000000       352.1870000000         6.7020000000    664
      132.4000000000       149.6890000000        89.9100000000    665
      148.3980000000       102.0100000000       105.4080000000    666
      187.8150000000       411.3240000000        16.4680000000    667
      328.2500000000       179.9450000000        62.8020000000    668
      336.4130000000       279.7630000000        77.4310000000    669
      350.7300000000       158.6230000000        80.9750000000    670
      354.8620000000       266.1350000000        37.2380000000    671
      360.1530000000       420.8560000000        25.8730000000    672
      362.5000000000       302.4880000000        37.8470000000    673
      377.6970000000       278.5680000000        81.9860000000    674
      391.9700000000       402.7400000000        70.1450000000    675
