       72.3950000000       185.8830000000        89.8400000000      0
       79.9750000000       213.3100000000        75.4450000000      1
       82.4420000000       296.4110000000        90.6840000000      2
       83.9340000000       261.9460000000        97.4900000000      3
       85.1760000000       288.3920000000        73.9460000000      4
       85.4040000000       181.3760000000        89.5140000000      5
       87.3810000000       262.3730000000       110.0440000000      6
       87.1540000000       329.7060000000        99.6890000000      7
       88.8790000000       252.8080000000        97.6410000000      8
       90.1010000000       222.7000000000        80.2500000000      9
       90.3730000000       181.4700000000        89.3730000000     10
       91.4980000000       308.2180000000        93.6290000000     11
       91.8670000000       161.5130000000        93.7730000000     12
       91.7510000000       334.4400000000       114.4060000000     13
       93.0670000000       301.4380000000        80.4170000000     14
       93.3610000000       159.2360000000       140.5260000000     15
       94.3620000000       233.4220000000       123.4880000000     16
       95.0420000000       157.0130000000       127.5010000000     17
       95.0700000000       217.1640000000        92.0790000000     18
       94.7940000000       255.3330000000        89.5860000000     19
       96.2100000000       120.4710000000       136.3460000000     20
       96.6590000000       181.2180000000        98.8820000000     21
       97.2790000000       193.9660000000       107.2670000000     22
       98.0510000000       207.8070000000       106.8410000000     23
       98.1580000000       237.2320000000       108.4060000000     24
       97.9450000000       281.4970000000        84.3720000000     25
       98.2780000000       260.3080000000        99.0670000000     26
       99.4090000000       252.6590000000        57.9590000000     27
       99.7800000000       340.0840000000        75.3920000000     28
      100.3390000000       128.5210000000       101.5880000000     29
      100.3440000000       319.8710000000        76.3320000000     30
      100.8030000000       156.8580000000       119.1240000000     31
      101.0560000000       283.5910000000       105.7990000000     32
      101.1020000000       322.3170000000        94.5970000000     33
      100.9990000000       335.1850000000        49.3400000000     34
      101.5060000000       214.7350000000       122.0070000000     35
      101.5860000000       308.2390000000        97.7890000000     36
      101.5880000000       326.5720000000        83.2050000000     37
      102.9000000000       244.4690000000       111.0160000000     38
      103.3590000000       180.7290000000        85.6240000000     39
      103.8320000000       184.9740000000       138.0700000000     40
      103.6840000000       381.8750000000        43.0680000000     41
      104.1960000000       224.7680000000        87.7580000000     42
      104.8960000000       148.8530000000       120.7110000000     43
      104.5160000000       274.4360000000       103.8400000000     44
      104.8750000000       349.6540000000       105.0570000000     45
      105.4780000000       200.2980000000        92.0390000000     46
      105.5340000000       358.5370000000        96.1860000000     47
      105.8480000000       197.1740000000       115.1430000000     48
      105.9040000000       262.3360000000        74.7490000000     49
      106.1970000000       343.1700000000        93.7320000000     50
      106.7110000000       299.2040000000        81.3920000000     51
      107.2020000000       168.2400000000       120.1980000000     52
      107.2980000000       182.9640000000       119.2180000000     53
      107.4440000000       191.3830000000       106.8340000000     54
      107.5500000000       206.1640000000        90.4320000000     55
      107.2960000000       291.4400000000        93.3440000000     56
      107.9220000000       134.3690000000       133.0200000000     57
      107.8730000000       276.0800000000        78.7030000000     58
      108.0340000000       365.2340000000        83.5160000000     59
      108.6710000000       233.6510000000        75.4360000000     60
      108.6260000000       335.5730000000        79.0840000000     61
      109.3250000000       173.1460000000        77.7540000000     62
      109.3330000000       201.4360000000       103.4070000000     63
      109.3410000000       257.8690000000        87.0940000000     64
      109.3590000000       272.1250000000        54.2840000000     65
      109.1570000000       278.8460000000        66.3750000000     66
      109.6920000000       318.1930000000        66.1940000000     67
      109.5010000000       331.2110000000        96.5140000000     68
      110.1170000000       345.8690000000        95.5100000000     69
      110.8990000000       164.8420000000       135.5290000000     70
      111.0980000000       171.1370000000        65.5760000000     71
      111.1140000000       217.2110000000        71.9980000000     72
      110.8970000000       238.1010000000        87.0020000000     73
      110.8720000000       310.8340000000        81.6390000000     74
      110.8000000000       346.8510000000        67.2570000000     75
      111.2940000000       209.7870000000        90.9980000000     76
      111.4970000000       237.8630000000       118.9340000000     77
      111.4720000000       241.4860000000       100.6060000000     78
      111.8440000000       218.2290000000       127.5130000000     79
      112.4450000000       153.3910000000       134.5420000000     80
      112.1900000000       304.0820000000        74.5710000000     81
      112.8440000000       408.8170000000        80.9250000000     82
      113.7600000000       358.2910000000        72.4860000000     83
      114.0020000000       141.5730000000       114.8650000000     84
      113.8780000000       253.7410000000        89.2860000000     85
      114.0280000000       357.3670000000        64.3750000000     86
      113.9530000000       386.2640000000        70.7650000000     87
      114.9750000000       181.2630000000        97.5420000000     88
      115.0470000000       210.6540000000       118.1750000000     89
      115.0450000000       257.4790000000        60.9520000000     90
      115.2820000000       370.9800000000        90.6590000000     91
      115.9170000000        89.8120000000       116.5170000000     92
      115.9160000000       196.5920000000       130.8760000000     93
      115.8370000000       217.2170000000        73.2090000000     94
      116.4090000000       226.7030000000       111.5820000000     95
      116.7090000000       291.3400000000        89.1110000000     96
      117.3010000000       175.9600000000       135.7500000000     97
      117.0330000000       325.7870000000        90.1110000000     98
      117.3300000000       343.3570000000        99.7130000000     99
      117.5790000000       124.3850000000        95.5170000000    100
      117.6730000000       136.8140000000        80.8890000000    101
      117.4530000000       178.5520000000       112.2870000000    102
      117.6030000000       288.3900000000        99.2460000000    103
      117.7870000000       383.9910000000        93.8200000000    104
      118.1530000000       263.7960000000       104.7330000000    105
      118.0920000000       416.9500000000        91.8480000000    106
      118.6450000000       217.1490000000        57.8980000000    107
      118.9340000000       359.9860000000        77.8040000000    108
      119.3940000000       161.3010000000       141.0180000000    109
      119.3960000000       323.4150000000        80.8450000000    110
      119.4640000000       379.7030000000        69.8490000000    111
      119.4810000000       423.1450000000        40.4660000000    112
      120.6230000000       255.9530000000        49.7370000000    113
      121.3730000000       139.0470000000       137.2460000000    114
      121.3880000000       141.4540000000        90.0250000000    115
      121.0490000000       169.4480000000        99.9950000000    116
      121.0940000000       245.4820000000       100.9950000000    117
      121.4890000000       162.3860000000       115.9680000000    118
      121.5610000000       367.6470000000        89.9270000000    119
      122.1220000000       116.3410000000       114.9200000000    120
      122.0680000000       136.8760000000       115.2310000000    121
      122.0180000000       179.6440000000        76.5900000000    122
      122.4390000000       342.8590000000        74.9810000000    123
      122.5390000000       350.3760000000        78.9020000000    124
      122.8500000000       411.5770000000       100.7240000000    125
      123.4940000000       206.8980000000        72.9020000000    126
      123.2720000000       285.0520000000        59.2530000000    127
      123.6280000000       293.7460000000        94.0560000000    128
      123.4740000000       367.4580000000        95.8320000000    129
      123.9960000000       202.8910000000        87.5060000000    130
      123.8700000000       248.8160000000        74.7360000000    131
      123.8470000000       381.7450000000        80.0050000000    132
      124.2360000000       220.3260000000        72.7480000000    133
      124.1980000000       320.0460000000        78.7320000000    134
      124.6410000000       166.0470000000       132.5030000000    135
      124.7620000000       237.2540000000        63.6230000000    136
      124.7760000000       332.3640000000        70.5800000000    137
      124.6220000000       428.9630000000        98.5870000000    138
      125.1220000000       187.0780000000       133.3490000000    139
      125.7130000000       313.8260000000        92.5860000000    140
      125.8210000000       381.6180000000        67.5820000000    141
      125.7980000000       387.3470000000        81.0440000000    142
      126.7110000000       302.1290000000        52.1580000000    143
      127.0940000000       104.7510000000       131.6980000000    144
      127.2210000000       243.2690000000       115.2830000000    145
      127.3560000000       176.9980000000        90.3060000000    146
      127.3510000000       182.4880000000        69.0920000000    147
      128.0470000000       254.2130000000       101.7490000000    148
      128.3770000000       115.0630000000       105.9040000000    149
      128.5790000000       168.4480000000        89.5810000000    150
      128.5680000000       370.2570000000        75.3080000000    151
      128.2890000000       414.2480000000        59.2060000000    152
      128.8830000000       160.4360000000        87.5900000000    153
      128.8540000000       415.4600000000        65.6320000000    154
      128.6730000000       469.1210000000        99.2940000000    155
      129.2850000000       274.2470000000       100.1320000000    156
      129.4200000000       319.5820000000        58.4510000000    157
      129.5980000000       144.0850000000       128.3010000000    158
      129.5760000000       158.3290000000       102.6600000000    159
      129.6890000000       317.0420000000        49.9170000000    160
      129.8350000000       319.9700000000        43.1850000000    161
      129.5230000000       375.4570000000        47.0860000000    162
      130.0170000000       203.1090000000        80.5480000000    163
      129.9770000000       212.0500000000       114.0030000000    164
      130.8070000000       113.2520000000        85.6260000000    165
      130.7090000000       209.7220000000        69.9180000000    166
      130.6620000000       286.6720000000        50.1010000000    167
      131.1090000000       235.2040000000       107.2880000000    168
      131.1980000000       244.7090000000        56.0210000000    169
      131.4560000000       107.0410000000       131.8260000000    170
      132.0120000000       263.4830000000        47.4440000000    171
      131.7930000000       268.7680000000        58.1920000000    172
      132.0010000000       305.2730000000        93.4780000000    173
      131.7410000000       346.9290000000        98.4710000000    174
      131.9960000000       365.2090000000        83.0590000000    175
      132.4210000000       178.6900000000       126.0460000000    176
      132.2090000000       194.6320000000        88.1210000000    177
      132.7650000000       344.7810000000        58.8830000000    178
      133.3590000000       227.9630000000        73.3190000000    179
      133.8410000000       151.2130000000        79.1220000000    180
      133.8950000000       419.8960000000        83.2090000000    181
      134.2160000000       100.2710000000       108.9330000000    182
      134.3490000000       364.5720000000        92.9470000000    183
      134.5400000000       290.4880000000        39.6970000000    184
      134.6490000000       318.6390000000        57.2980000000    185
      134.4110000000       325.0550000000        87.1670000000    186
      134.4610000000       380.3700000000        77.4930000000    187
      135.6470000000       230.9320000000        51.2890000000    188
      135.6930000000       341.7730000000        87.1300000000    189
      136.0720000000       213.1380000000        67.0310000000    190
      135.8200000000       433.0600000000        77.5850000000    191
      136.9510000000       367.6250000000        95.5550000000    192
      137.4270000000       254.5980000000        71.7820000000    193
      137.5240000000       307.5080000000        53.2430000000    194
      137.2900000000       378.3130000000        64.6550000000    195
      137.7780000000       264.9560000000        98.9430000000    196
      137.5560000000       422.7640000000        30.9860000000    197
      138.1310000000       408.7160000000        69.7580000000    198
      138.1800000000       420.8850000000        64.6240000000    199
      138.0010000000       450.3360000000        81.6430000000    200
      138.5340000000       174.1450000000        54.9260000000    201
      139.2610000000       370.9030000000        49.8750000000    202
      139.6600000000       405.0740000000        81.6080000000    203
      139.8180000000       175.7450000000        61.7760000000    204
      139.9280000000       399.1920000000        96.9260000000    205
      140.2500000000       141.4060000000       122.6190000000    206
      140.9660000000       194.5820000000       118.5690000000    207
      140.9480000000       236.3370000000        75.0900000000    208
      140.7730000000       366.0430000000        82.9390000000    209
      140.9850000000       419.9640000000        97.6190000000    210
      140.6830000000       439.4430000000        61.6620000000    211
      141.8070000000       394.6590000000        49.1370000000    212
      142.1250000000       122.1060000000       108.4150000000    213
      142.7990000000       333.1990000000        95.0100000000    214
      143.1480000000       330.3290000000        83.8020000000    215
      143.4850000000       164.6990000000       122.1370000000    216
      143.9450000000       148.6310000000       102.0300000000    217
      144.1980000000       265.8730000000        40.2160000000    218
      144.0540000000       331.0530000000        29.7780000000    219
      143.7850000000       384.7280000000        40.3740000000    220
      143.9350000000       388.6730000000        62.7040000000    221
      144.4270000000       349.8310000000        49.8910000000    222
      144.6870000000       152.1550000000        88.4890000000    223
      145.3710000000       272.4250000000        95.8860000000    224
      145.2560000000       357.9270000000        77.7750000000    225
      145.4660000000       379.2610000000        57.8790000000    226
      145.7260000000       249.9420000000        93.8200000000    227
      146.2480000000       365.2290000000        29.4870000000    228
      146.4910000000       132.1890000000        79.0440000000    229
      146.7100000000       334.5880000000        46.0640000000    230
      146.5690000000       378.3630000000        80.3210000000    231
      147.2440000000       186.3050000000       119.2170000000    232
      146.9270000000       355.7890000000        90.4590000000    233
      147.3650000000       160.5890000000        96.1420000000    234
      147.7080000000       391.4730000000        95.7070000000    235
      148.6590000000       287.6260000000        47.1390000000    236
      148.8530000000       323.5640000000        39.8950000000    237
      149.5740000000       155.7960000000       124.2320000000    238
      149.9610000000       340.5530000000        44.7100000000    239
      149.9590000000       466.3670000000        95.1080000000    240
      150.0680000000       438.3650000000        66.6160000000    241
      150.0990000000       440.0540000000        91.5160000000    242
      150.8900000000       156.5630000000        67.8020000000    243
      151.2520000000       444.7060000000        65.2790000000    244
      151.4630000000       303.3290000000        92.0500000000    245
      151.5390000000       408.3110000000        63.8250000000    246
      152.0500000000       237.1810000000        41.0200000000    247
      152.0650000000       292.8970000000        90.5700000000    248
      152.1570000000       382.1890000000        39.3340000000    249
      151.8760000000       413.2500000000        91.7520000000    250
      152.6420000000       370.9190000000        59.3470000000    251
      153.4550000000       203.9360000000        92.5270000000    252
      153.7850000000       306.1910000000        30.3060000000    253
      153.9140000000       324.7240000000        63.0950000000    254
      153.7080000000       482.2970000000        79.1650000000    255
      154.3420000000       420.9690000000        89.8100000000    256
      155.2420000000       398.0270000000        72.6300000000    257
      155.6250000000       139.0730000000       111.8540000000    258
      155.6120000000       428.9610000000        46.7980000000    259
      155.4320000000       436.7810000000        50.7000000000    260
      156.0460000000       166.2290000000       118.8110000000    261
      156.4280000000       209.3780000000       103.5370000000    262
      156.4840000000       429.5630000000        68.9730000000    263
      157.0220000000       355.8600000000        52.0260000000    264
      156.7790000000       359.9980000000        26.5520000000    265
      157.0010000000       364.3400000000        45.9620000000    266
      157.5700000000       202.3450000000       108.0570000000    267
      157.3350000000       302.6870000000        51.1630000000    268
      157.8980000000       116.2770000000        86.2790000000    269
      158.5180000000       358.9000000000        40.3370000000    270
      158.2710000000       366.7040000000        86.2420000000    271
      158.1660000000       409.5240000000        39.4170000000    272
      159.1440000000       277.5310000000        78.5140000000    273
      159.6400000000       404.5590000000        81.8940000000    274
      159.5560000000       440.5400000000        76.1960000000    275
      160.7700000000       468.6440000000        78.2350000000    276
      161.3610000000       324.9930000000        89.3860000000    277
      161.6590000000       384.4950000000        36.8230000000    278
      161.9920000000       418.1880000000        88.1180000000    279
      162.1990000000       341.2930000000        88.6590000000    280
      162.3500000000       496.7560000000        88.5630000000    281
      162.6430000000       328.6890000000        27.4750000000    282
      162.9900000000       276.2720000000        35.3080000000    283
      163.0070000000       407.0590000000        46.0010000000    284
      163.4110000000       443.1490000000        67.3000000000    285
      163.8060000000       238.5880000000        86.2670000000    286
      164.0190000000       218.1470000000       102.7750000000    287
      164.4790000000       439.0220000000        83.3300000000    288
      165.4570000000       317.9990000000        32.4050000000    289
      165.4330000000       376.6360000000        36.9620000000    290
      165.2520000000       490.9790000000        89.1510000000    291
      165.9420000000       195.7880000000       108.7680000000    292
      166.1730000000       284.4630000000        35.5760000000    293
      166.8390000000       358.3000000000        80.1430000000    294
      166.8780000000       493.8040000000        75.5810000000    295
      167.0700000000       365.2440000000        35.9250000000    296
      167.1800000000       448.7000000000        89.8560000000    297
      167.6590000000       264.9890000000        96.6610000000    298
      168.2820000000       436.0360000000        41.8460000000    299
      168.7160000000       180.4700000000       109.7760000000    300
      168.3550000000       401.6850000000        35.1080000000    301
      169.1650000000        90.7850000000        99.7610000000    302
      169.1570000000       260.5180000000        82.5130000000    303
      168.8220000000       324.4860000000        59.8330000000    304
      169.1330000000       406.6090000000        81.4990000000    305
      169.9640000000       477.7020000000        82.6690000000    306
      170.9410000000       411.2910000000        67.4900000000    307
      171.4050000000        85.2200000000       107.1580000000    308
      171.2260000000       453.3500000000        84.0080000000    309
      171.7770000000        94.4730000000       100.2370000000    310
      172.6500000000       342.2410000000        20.9060000000    311
      172.7430000000       353.2070000000        50.8640000000    312
      173.0070000000       311.0810000000        57.2650000000    313
      173.4860000000       348.4290000000        86.7350000000    314
      173.8580000000       165.5860000000        79.0390000000    315
      173.7900000000       271.0590000000        61.8550000000    316
      173.9220000000       303.6580000000        26.8810000000    317
      173.7300000000       449.8020000000        69.5670000000    318
      174.5920000000       454.3290000000        58.9970000000    319
      175.0150000000       122.7760000000        79.1030000000    320
      175.1780000000        72.6040000000        92.9170000000    321
      175.6840000000       416.3020000000        84.9500000000    322
      175.8530000000       465.3660000000        72.8480000000    323
      176.2630000000       156.6600000000        72.2440000000    324
      176.5070000000        76.3950000000       102.5910000000    325
      176.9270000000       153.8660000000        62.4670000000    326
      177.7060000000       295.0240000000        25.1670000000    327
      177.4150000000       428.7100000000        70.3040000000    328
      178.0360000000       317.1190000000        26.2170000000    329
      177.8350000000       333.0740000000        41.6770000000    330
      178.0580000000       374.7250000000        33.5300000000    331
      177.9790000000       436.2920000000        83.8110000000    332
      178.0150000000       464.7950000000        31.9130000000    333
      178.4050000000        66.6580000000       110.6320000000    334
      179.2350000000       160.0390000000       107.2570000000    335
      179.7290000000       233.8510000000        36.9030000000    336
      179.6130000000       371.7120000000        16.6240000000    337
      180.0890000000       404.7210000000        70.6680000000    338
      180.0180000000       423.6380000000        31.8180000000    339
      180.7580000000       323.1470000000        25.4420000000    340
      180.4190000000       483.4480000000        81.9900000000    341
      180.6970000000       485.6910000000        68.5610000000    342
      181.6010000000       438.2860000000        46.2430000000    343
      181.9190000000       339.0050000000        68.2110000000    344
      182.1620000000       410.1110000000        54.5480000000    345
      182.8610000000       181.1140000000       100.1540000000    346
      182.7080000000       217.3390000000        39.9860000000    347
      182.7840000000       365.9670000000        16.1110000000    348
      182.9540000000       388.1170000000        26.6590000000    349
      183.6760000000       261.6990000000        30.3980000000    350
      184.2990000000       319.6490000000        75.2070000000    351
      184.3710000000       450.2190000000        53.8400000000    352
      184.1160000000       454.4160000000        72.4140000000    353
      184.7310000000       385.1950000000        19.4880000000    354
      184.5540000000       458.0880000000        62.5310000000    355
      185.5950000000       467.5390000000        77.1640000000    356
      185.9770000000        80.5000000000        91.9440000000    357
      186.5350000000       166.5750000000        61.3560000000    358
      186.3950000000       379.0980000000        82.8340000000    359
      187.0830000000        38.6450000000       120.0130000000    360
      186.9900000000       440.1440000000        84.1280000000    361
      187.8670000000        96.4480000000        81.5880000000    362
      187.5870000000       112.1990000000       104.6490000000    363
      188.3470000000       368.2120000000        22.1130000000    364
      188.0310000000       372.9660000000        22.0330000000    365
      188.6250000000       195.6930000000        57.3020000000    366
      188.8140000000       483.4650000000        67.2640000000    367
      189.5890000000       411.8990000000        67.7260000000    368
      189.9310000000        96.1610000000       106.2930000000    369
      190.0310000000       472.5940000000        59.0120000000    370
      190.4620000000       292.8080000000        87.8130000000    371
      190.5100000000       450.8100000000        35.8640000000    372
      190.8610000000       401.0600000000        74.2450000000    373
      191.5310000000       382.7780000000        14.8640000000    374
      191.2430000000       436.1150000000        36.3810000000    375
      191.8250000000       470.4490000000        79.9400000000    376
      192.2640000000       423.6330000000        14.3890000000    377
      193.2890000000       383.8560000000        69.6680000000    378
      193.6880000000       100.9540000000        93.6790000000    379
      193.4380000000       268.4530000000        73.0460000000    380
      194.6140000000        89.9280000000       123.4830000000    381
      194.9960000000       497.7500000000        70.1420000000    382
      195.6040000000        84.9780000000       140.0910000000    383
      196.6260000000        83.4570000000       114.9220000000    384
      196.6450000000       478.9140000000        46.5760000000    385
      197.0540000000       429.8710000000        77.6400000000    386
      197.9700000000        84.3250000000        99.8880000000    387
      198.0690000000       218.7430000000       100.1870000000    388
      198.3070000000       258.8550000000        27.0840000000    389
      198.7550000000       221.2420000000        70.2950000000    390
      198.7880000000       387.6380000000        23.1650000000    391
      199.0450000000       404.6090000000        13.8400000000    392
      199.1590000000       427.7370000000        23.3830000000    393
      199.7210000000       359.1080000000        56.4380000000    394
      199.6150000000       410.6180000000        22.2730000000    395
      200.4460000000       349.3630000000        16.7350000000    396
      200.0760000000       456.1200000000        71.0810000000    397
      200.7130000000       112.6450000000        74.1130000000    398
      200.6060000000       436.1540000000        20.7060000000    399
      200.9880000000       292.2330000000        82.7270000000    400
      201.2960000000       491.2830000000        78.2270000000    401
      202.0980000000        69.7180000000       104.5120000000    402
      201.9380000000       127.6800000000        77.7770000000    403
      202.5630000000       354.2450000000        17.4620000000    404
      203.1540000000       445.2430000000        34.8150000000    405
      203.3890000000       211.8810000000        49.9330000000    406
      203.9410000000        92.9520000000       146.8130000000    407
      203.8620000000       118.5330000000       115.5080000000    408
      203.7070000000       283.2020000000        33.6760000000    409
      204.9490000000        98.2240000000        82.6940000000    410
      204.7440000000       368.8700000000        41.8110000000    411
      205.6210000000        97.9400000000       126.1990000000    412
      206.1820000000        77.4050000000       136.2810000000    413
      205.9190000000       402.4280000000        12.0720000000    414
      206.6220000000       148.4410000000       103.7380000000    415
      206.9240000000       113.7750000000       117.0650000000    416
      209.0050000000       128.9570000000        72.3890000000    417
      209.8030000000       321.4280000000        19.8130000000    418
      210.1990000000        91.1980000000       112.7360000000    419
      210.2540000000       136.5200000000        71.2480000000    420
      211.0550000000        80.3840000000        96.1380000000    421
      210.9620000000       152.8530000000        59.3920000000    422
      210.9720000000       201.8590000000        82.6380000000    423
      211.0460000000       488.6480000000        84.9900000000    424
      211.0940000000       489.3590000000        55.0330000000    425
      211.5610000000       206.6810000000        84.2500000000    426
      211.2350000000       471.3360000000        12.9180000000    427
      211.7850000000       269.4640000000        70.3760000000    428
      212.1420000000       459.2350000000        31.2980000000    429
      212.4300000000       468.4750000000        37.5600000000    430
      212.9420000000       221.2430000000        78.5040000000    431
      212.6370000000       329.6150000000        19.7340000000    432
      212.5830000000       480.9740000000        17.5730000000    433
      213.0710000000        92.7160000000       100.2340000000    434
      213.4090000000       236.3440000000        40.1250000000    435
      213.5790000000       492.8420000000        77.2670000000    436
      214.0790000000        64.5310000000        98.7320000000    437
      214.2170000000       413.4010000000         9.4210000000    438
      215.1700000000        85.9110000000       145.7630000000    439
      215.7600000000       273.3680000000        53.2210000000    440
      216.2250000000       486.9060000000        45.3860000000    441
      216.6290000000       327.5990000000        62.8270000000    442
      217.3730000000        90.2880000000        76.3670000000    443
      217.1840000000       469.7000000000        83.1610000000    444
      217.6360000000       101.8050000000       146.6300000000    445
      217.8810000000       155.9970000000       101.6310000000    446
      218.0380000000        98.5630000000        88.7930000000    447
      218.1900000000       113.7880000000       125.0720000000    448
      218.2820000000       208.3030000000        55.0460000000    449
      218.6100000000        94.5220000000       125.4540000000    450
      218.9280000000       134.9130000000       114.4340000000    451
      219.0700000000       290.7530000000        77.3890000000    452
      219.0660000000       372.9990000000        36.5900000000    453
      219.4340000000       344.2940000000        15.7120000000    454
      219.6760000000       460.1020000000         9.4690000000    455
      220.0220000000       468.4820000000        20.3590000000    456
      220.0790000000       479.7650000000        21.8250000000    457
      221.5490000000       103.4320000000       129.4900000000    458
      222.3670000000       104.6050000000        84.7100000000    459
      222.2740000000       164.9960000000       101.9890000000    460
      223.0710000000       504.0550000000        55.7110000000    461
      224.1170000000       285.2280000000        39.7410000000    462
      223.7360000000       331.8620000000        18.1210000000    463
      223.8670000000       367.3260000000        49.6740000000    464
      223.8270000000       454.7170000000        31.3430000000    465
      224.4310000000       464.6810000000         9.8870000000    466
      225.0390000000       275.7950000000        74.2310000000    467
      224.6390000000       315.3530000000        34.4570000000    468
      225.3930000000        76.0650000000       118.7660000000    469
      225.2240000000        84.2220000000       122.9470000000    470
      225.1610000000       310.5220000000        71.9590000000    471
      226.8670000000        57.2220000000       104.5700000000    472
      227.0670000000       261.2540000000        25.2130000000    473
      226.8850000000       296.1810000000        59.0550000000    474
      227.7090000000       293.0720000000        32.7010000000    475
      227.8210000000       401.2340000000        65.2100000000    476
      228.5980000000       170.1600000000        59.8070000000    477
      228.3370000000       198.8820000000        68.5210000000    478
      228.9860000000       100.0820000000       124.6210000000    479
      228.7680000000       355.0260000000        71.5360000000    480
      229.1850000000       217.2570000000        39.6240000000    481
      229.3850000000       227.4800000000        42.2680000000    482
      229.8290000000       298.9470000000        29.5840000000    483
      229.5560000000       494.6030000000        73.1790000000    484
      230.5400000000       106.5900000000        86.8150000000    485
      231.3550000000        84.7160000000       134.0810000000    486
      231.6350000000       386.5140000000        63.5970000000    487
      232.0350000000       508.0480000000        31.1350000000    488
      232.5730000000       110.5270000000       118.5200000000    489
      232.8710000000       157.0810000000        56.8700000000    490
      233.5390000000       482.3100000000        32.7360000000    491
      234.3600000000       278.6620000000        61.5200000000    492
      234.5270000000       103.2570000000       122.4800000000    493
      234.5080000000       393.5410000000         5.4590000000    494
      235.5350000000       193.2440000000        42.3930000000    495
      235.8880000000        82.0110000000       108.9340000000    496
      236.2020000000        92.0660000000        89.1730000000    497
      235.8730000000       103.3360000000        89.7290000000    498
      235.8890000000       287.1750000000        61.9900000000    499
      235.7930000000       451.5860000000         8.6660000000    500
      235.9010000000       472.2250000000        27.9300000000    501
      236.4960000000       537.8770000000        16.1620000000    502
      237.0970000000        91.6650000000        65.1010000000    503
      237.3830000000       347.5750000000        35.0010000000    504
      239.5300000000       277.6670000000        42.2920000000    505
      239.4980000000       298.9650000000        56.6210000000    506
      239.3880000000       495.2920000000        63.0500000000    507
      239.8910000000       338.6320000000        61.9360000000    508
      241.2510000000        94.8320000000       128.9410000000    509
      241.2760000000       184.9060000000        50.9290000000    510
      241.2390000000       455.0690000000        68.4650000000    511
      241.9190000000       115.6180000000       122.3940000000    512
      241.8630000000       159.8440000000        48.7250000000    513
      241.7620000000       503.8740000000        19.4730000000    514
      242.1850000000        84.4890000000       101.3750000000    515
      242.1340000000       145.0000000000        51.0620000000    516
      242.0290000000       334.9340000000        17.8440000000    517
      242.5440000000        68.6000000000        86.8250000000    518
      242.6000000000       390.5960000000        37.3300000000    519
      243.1820000000       110.8210000000       122.3300000000    520
      243.3820000000       518.7030000000        54.1120000000    521
      244.5220000000       103.8090000000       139.1540000000    522
      244.3220000000       281.1360000000        42.7180000000    523
      244.3860000000       368.7670000000         9.8830000000    524
      244.5200000000       417.8620000000        43.7920000000    525
      245.2820000000       408.4290000000        72.5870000000    526
      246.3070000000       476.2480000000        27.9670000000    527
      246.7840000000       399.9780000000        66.4110000000    528
      246.9160000000       511.3020000000        39.2220000000    529
      247.2270000000       124.7380000000        82.8350000000    530
      247.5980000000        73.4060000000       113.8770000000    531
      248.0890000000       121.2050000000       118.9670000000    532
      247.9110000000       167.6110000000        59.3840000000    533
      248.4080000000       350.6120000000        22.6260000000    534
      248.7460000000        96.7100000000       127.7930000000    535
      248.9080000000       340.2310000000        55.3080000000    536
      250.5950000000        91.3480000000        89.3020000000    537
      251.2290000000       207.2990000000        55.6670000000    538
      251.3370000000       357.3970000000        10.1060000000    539
      251.4440000000        82.9620000000       132.3800000000    540
      251.4340000000       486.9610000000        16.9900000000    541
      252.1670000000       103.0200000000       133.7910000000    542
      251.8810000000       494.6440000000         8.8080000000    543
      252.5930000000       152.7120000000        99.4090000000    544
      252.3940000000       202.3710000000        53.2830000000    545
      253.2350000000        61.7340000000        83.3420000000    546
      254.0730000000       389.2730000000        14.5360000000    547
      254.2370000000        88.3270000000        81.4930000000    548
      254.2970000000       122.4350000000       113.2380000000    549
      254.9430000000       445.8250000000        34.1470000000    550
      254.7670000000       487.2460000000        71.7630000000    551
      255.2850000000       105.0820000000        60.9260000000    552
      256.0910000000       322.8100000000        50.7610000000    553
      256.2790000000       364.5290000000        10.8530000000    554
      256.6110000000       106.6640000000        93.9260000000    555
      256.5590000000       361.8750000000        15.2340000000    556
      257.7520000000       350.6670000000        20.8320000000    557
      258.6750000000        98.4700000000        71.9350000000    558
      258.7170000000       497.6790000000        39.1340000000    559
      259.0190000000       391.3730000000        13.3290000000    560
      259.9790000000        89.1040000000       135.0420000000    561
      259.9800000000       256.8460000000        22.2220000000    562
      260.6920000000        75.3200000000       108.5010000000    563
      260.6930000000       200.0170000000        72.8290000000    564
      260.7640000000       502.3180000000        12.7710000000    565
      261.0270000000       297.9630000000        28.8190000000    566
      261.6460000000       508.5730000000        57.6670000000    567
      261.9440000000        99.7700000000        60.4050000000    568
      261.8930000000       213.6880000000        87.7080000000    569
      262.9900000000       126.0120000000       112.7870000000    570
      262.9750000000       337.9100000000        20.5990000000    571
      262.6740000000       429.2640000000        59.5490000000    572
      263.6170000000       414.7140000000        35.6000000000    573
      265.0390000000       114.5350000000       115.6930000000    574
      264.9990000000       317.2080000000        35.5400000000    575
      265.4650000000       120.5470000000        71.9660000000    576
      265.6200000000       220.3090000000        86.4710000000    577
      265.9960000000       152.5000000000        39.6020000000    578
      265.9540000000       156.1450000000        95.4830000000    579
      265.7350000000       519.5710000000        28.5000000000    580
      266.5470000000       396.0600000000        40.7790000000    581
      266.7320000000       366.9290000000        31.6250000000    582
      267.3760000000        91.4750000000       118.0700000000    583
      267.6850000000       376.7620000000        14.0470000000    584
      267.5710000000       425.0990000000        39.2800000000    585
      268.1270000000        53.4450000000        96.6600000000    586
      268.8840000000       141.1650000000       107.0370000000    587
      268.8790000000       391.6850000000        12.1780000000    588
      269.6830000000        85.7470000000        97.1630000000    589
      269.3250000000       148.5860000000       104.8370000000    590
      269.2850000000       374.6790000000        40.0080000000    591
      270.0640000000        80.8260000000       135.1450000000    592
      270.0910000000       422.3230000000         8.6060000000    593
      270.2870000000       104.1830000000        80.3750000000    594
      271.3550000000       400.5520000000         8.4900000000    595
      271.1620000000       509.0330000000         7.3650000000    596
      271.8270000000       495.0640000000         6.9330000000    597
      271.5310000000       535.0560000000        14.9260000000    598
      271.9840000000       434.5540000000        52.2560000000    599
      272.0020000000       513.7570000000         6.6010000000    600
      272.2830000000       521.1090000000         5.8010000000    601
      273.1370000000       214.4750000000        45.6990000000    602
      272.8620000000       403.4570000000        26.2480000000    603
      273.9170000000       355.6730000000         2.6590000000    604
      274.3910000000       434.1520000000         7.2730000000    605
      274.6150000000       462.7090000000        58.3520000000    606
      274.7610000000       191.4930000000        33.8540000000    607
      275.4870000000       226.0190000000        60.9410000000    608
      275.7980000000       499.9010000000         6.7390000000    609
      276.3180000000       114.0310000000       121.8460000000    610
      276.0870000000       461.8640000000        41.2060000000    611
      276.6700000000       149.7640000000        93.0990000000    612
      276.8380000000       505.4910000000        54.8770000000    613
      277.8540000000        70.8460000000       113.3370000000    614
      278.3500000000        64.1760000000        89.3290000000    615
      278.6090000000       114.8330000000        79.6620000000    616
      278.8150000000       113.6030000000        59.8010000000    617
      278.8290000000       211.3770000000        45.0770000000    618
      278.7780000000       254.3760000000        32.4990000000    619
      278.6870000000       359.1520000000        23.3870000000    620
      279.0530000000       394.6430000000        21.5470000000    621
      279.8760000000       492.5110000000         5.1440000000    622
      280.5520000000       413.0380000000        24.2130000000    623
      281.0330000000       105.6600000000       107.3760000000    624
      281.1060000000       542.5230000000        12.6050000000    625
      281.6000000000        80.4720000000       126.4250000000    626
      282.1690000000       411.0610000000         7.9110000000    627
      282.1350000000       477.8980000000        54.7560000000    628
      282.7270000000       238.8080000000        52.9260000000    629
      282.8220000000       364.3230000000        22.4840000000    630
      283.0760000000       390.8340000000        15.7880000000    631
      283.3430000000       532.8020000000        13.6180000000    632
      284.8040000000        89.2970000000        73.1080000000    633
      284.5060000000       102.9130000000        85.2170000000    634
      284.6000000000       164.2110000000        81.8400000000    635
      285.0200000000       219.0500000000        39.5830000000    636
      285.3430000000       226.3850000000        82.9970000000    637
      286.8890000000       114.3480000000       118.3080000000    638
      287.7600000000        78.7320000000       112.3970000000    639
      287.8840000000       173.4320000000        36.0390000000    640
      289.0420000000        83.6800000000        97.6860000000    641
      288.9700000000        88.8990000000       108.4280000000    642
      289.1260000000       534.1460000000        10.9810000000    643
      289.5490000000       151.6000000000        45.0550000000    644
      290.2750000000       245.5280000000        16.5920000000    645
      290.5130000000       518.5780000000        37.6920000000    646
      290.9710000000       452.0740000000        11.3340000000    647
      291.2800000000       200.0820000000       104.5880000000    648
      292.4610000000       394.0020000000        15.0340000000    649
      292.3570000000       477.5960000000        17.0620000000    650
      292.8650000000       540.8380000000        19.3540000000    651
      293.2540000000       101.9780000000       111.4320000000    652
      293.1500000000       442.1560000000        13.0970000000    653
      293.1010000000       526.8030000000        27.3360000000    654
      293.5540000000       102.8140000000       100.3090000000    655
      294.0520000000       121.9730000000        58.8170000000    656
      294.2190000000       144.7000000000        39.0390000000    657
      294.2860000000       104.6250000000        85.1420000000    658
      295.5220000000       125.5380000000        75.1830000000    659
      295.9100000000       315.7100000000        18.7930000000    660
      295.8760000000       507.3030000000        44.3570000000    661
      296.2200000000       334.5280000000         7.2420000000    662
      296.7870000000       446.2890000000        20.6180000000    663
      297.1320000000       184.3710000000        98.9540000000    664
      297.4340000000       532.2020000000        25.9730000000    665
      298.3110000000       111.8690000000        79.4690000000    666
      298.8040000000       128.8770000000        75.8370000000    667
      298.9140000000       244.4880000000        57.6760000000    668
      299.7320000000       434.8200000000        12.0500000000    669
      300.1640000000       228.3120000000        76.1470000000    670
      300.6500000000       128.6280000000       117.7280000000    671
      301.3510000000       572.9700000000        16.3700000000    672
      301.7090000000       269.2290000000        29.1430000000    673
      302.1650000000       146.2230000000        94.8930000000    674
      302.2930000000       409.5000000000        17.1240000000    675
      302.5010000000       144.9710000000       107.7150000000    676
      302.7940000000       480.2220000000        30.0260000000    677
      303.2990000000       108.2370000000       123.7880000000    678
      303.7750000000       108.3490000000        95.8570000000    679
      304.0680000000       136.9730000000        43.5240000000    680
      304.4160000000       137.7810000000        79.1850000000    681
      304.7030000000       472.7340000000        26.4070000000    682
      305.1240000000       184.0210000000        96.4700000000    683
      305.4310000000       119.3770000000        48.9940000000    684
      305.7540000000       125.2660000000        49.8250000000    685
      306.2400000000       197.9850000000        42.3610000000    686
      306.3350000000       181.6740000000        29.0390000000    687
      306.6210000000       230.6860000000        36.1390000000    688
      306.6850000000       292.5360000000        18.0010000000    689
      306.4830000000       528.1030000000         4.0780000000    690
      307.5720000000       134.3820000000       106.5140000000    691
      307.3220000000       220.2630000000        37.8500000000    692
      308.0600000000       167.8300000000        84.5960000000    693
      307.8190000000       538.1760000000         4.8280000000    694
      308.6860000000       429.3550000000         8.8870000000    695
      309.2010000000       156.0230000000        97.5350000000    696
      309.8100000000       456.3570000000        49.6450000000    697
      310.0340000000        87.2960000000       103.7690000000    698
      310.5970000000       268.0370000000        35.0960000000    699
      310.4120000000       298.0500000000        18.5970000000    700
      310.8070000000       101.8480000000       108.1500000000    701
      311.6040000000       260.1790000000        37.8750000000    702
      311.6060000000       597.4380000000        24.9330000000    703
      311.8690000000       189.3390000000        83.7230000000    704
      312.0300000000       238.5550000000        28.6440000000    705
      313.8780000000        81.6790000000       134.2350000000    706
      313.5180000000       428.6980000000        12.4910000000    707
      313.6860000000       495.9510000000        33.2640000000    708
      313.5530000000       574.0350000000         5.2840000000    709
      314.3490000000        99.7930000000        89.6290000000    710
      314.3120000000       115.2800000000       114.4430000000    711
      314.7550000000       116.5780000000        64.7090000000    712
      314.7560000000       122.7590000000        54.1840000000    713
      315.2150000000       237.9750000000        12.7750000000    714
      315.9990000000       153.9760000000       100.4500000000    715
      317.9520000000       232.0400000000        14.4180000000    716
      319.2270000000       154.2450000000        55.0040000000    717
      320.0820000000       137.1170000000       105.9670000000    718
      320.5050000000       533.0550000000        33.4040000000    719
      320.6600000000       278.4250000000        26.9860000000    720
      320.7120000000       309.6860000000        12.2200000000    721
      321.0740000000       509.0780000000        31.1870000000    722
      321.8060000000       121.7720000000       111.0980000000    723
      322.3400000000       100.0400000000       123.3650000000    724
      322.3280000000       254.5840000000        37.3440000000    725
      322.5020000000       248.2110000000        67.4830000000    726
      322.7150000000       513.8240000000        25.4870000000    727
      323.3010000000       542.2860000000        34.6800000000    728
      324.0340000000       264.4870000000        28.7430000000    729
      324.4790000000       100.2890000000        69.0630000000    730
      324.2610000000       244.7870000000        59.5420000000    731
      324.9060000000       544.5670000000         5.8730000000    732
      326.7280000000        96.3670000000        88.4130000000    733
      326.4370000000       202.0080000000        89.1400000000    734
      327.0030000000       109.9580000000        80.8690000000    735
      327.4240000000       179.7150000000       101.3900000000    736
      328.0640000000       127.0270000000        72.6900000000    737
      328.2390000000       170.1000000000        92.8770000000    738
      328.2600000000       267.0010000000        17.9320000000    739
      329.1870000000       120.3070000000        89.2780000000    740
      330.2090000000       108.3490000000       120.0530000000    741
      330.7780000000       515.8840000000        24.2670000000    742
      331.0390000000       104.8970000000       106.6900000000    743
      331.3990000000       143.5600000000       101.9880000000    744
      331.8020000000       128.5030000000        56.4500000000    745
      332.1570000000       597.2690000000        36.2510000000    746
      332.9460000000       250.4200000000        25.9660000000    747
      333.6370000000       284.6270000000        37.7630000000    748
      333.6410000000       482.5230000000        12.2410000000    749
      334.2600000000       109.8400000000        99.3330000000    750
      334.3460000000       277.8600000000        43.7350000000    751
      335.1410000000       156.7380000000        90.4400000000    752
      335.9210000000       529.1690000000        12.8880000000    753
      337.0280000000        85.5890000000       112.9270000000    754
      336.8480000000        93.1880000000       105.8930000000    755
      336.8710000000       289.0750000000        15.3890000000    756
      338.1710000000       229.3170000000        19.4050000000    757
      338.6140000000       555.1450000000        23.2730000000    758
      339.2750000000       156.4370000000        36.7760000000    759
      339.0370000000       536.1210000000        12.8320000000    760
      339.6350000000       143.6620000000        47.2780000000    761
      339.4860000000       262.4240000000        21.2020000000    762
      339.6700000000       531.2680000000        24.6390000000    763
      339.6100000000       591.6420000000        27.4610000000    764
      340.1220000000       121.9840000000       101.9960000000    765
      340.9340000000       225.4430000000        74.8650000000    766
      340.9830000000       291.4870000000        13.0960000000    767
      341.6280000000       109.5410000000        80.3730000000    768
      341.7240000000       113.2080000000       128.2110000000    769
      342.2570000000       206.4790000000        58.8480000000    770
      343.2150000000       580.3190000000        10.9100000000    771
      344.0940000000        91.7420000000       114.8490000000    772
      345.2290000000       126.8280000000        85.0740000000    773
      345.4410000000       184.7680000000        27.5960000000    774
      345.4750000000       536.9680000000        26.3850000000    775
      345.8000000000       118.2500000000        84.0810000000    776
      345.6530000000       495.7270000000        11.9210000000    777
      346.1410000000       523.3900000000        12.7610000000    778
      346.5940000000       128.2950000000        65.7040000000    779
      348.5650000000       555.0020000000        12.5690000000    780
      349.1380000000       162.4440000000        67.4560000000    781
      349.0490000000       168.4340000000        40.2850000000    782
      350.0220000000       179.9480000000        27.8950000000    783
      350.3580000000       149.4880000000        93.9600000000    784
      351.0110000000       192.0070000000        56.3100000000    785
      351.0100000000       256.1470000000        55.8890000000    786
      351.7660000000       146.2520000000        39.8530000000    787
      352.0130000000       190.3510000000        46.4380000000    788
      352.0100000000       264.3880000000        49.9150000000    789
      353.2270000000       111.5290000000        74.7140000000    790
      353.4820000000       251.9680000000        15.6880000000    791
      353.4980000000       384.9800000000         4.8940000000    792
      353.7780000000       105.0280000000        69.8010000000    793
      354.4710000000       529.5510000000        11.4840000000    794
      355.1030000000       176.1710000000        28.7120000000    795
      355.2850000000       254.4760000000        61.5930000000    796
      355.6770000000       434.2870000000        11.2580000000    797
      356.1950000000       125.0860000000        98.6070000000    798
      356.5840000000       116.3700000000        60.7950000000    799
      356.4000000000       280.2160000000        32.7300000000    800
      356.4380000000       287.8570000000        14.7440000000    801
      356.8500000000       200.0150000000        45.6030000000    802
      358.0880000000       185.9710000000        49.7950000000    803
      358.5650000000       107.2140000000       100.5150000000    804
      359.4150000000       129.4230000000        62.8760000000    805
      359.5050000000       293.6030000000        33.0000000000    806
      360.8570000000       147.2290000000        48.0080000000    807
      361.6050000000       121.2420000000        91.3190000000    808
      362.5120000000       185.4130000000        30.4010000000    809
      365.1970000000       190.8940000000        69.8090000000    810
      365.5820000000       132.6780000000        97.3420000000    811
      366.0710000000       246.5500000000        47.2160000000    812
      366.3550000000       308.3330000000        32.0110000000    813
      367.4600000000       107.5150000000        76.0470000000    814
      368.2930000000       183.9180000000        55.1690000000    815
      368.3010000000       307.3200000000        19.1040000000    816
      369.7090000000       128.4400000000        85.3020000000    817
      370.7550000000       130.3410000000        58.7970000000    818
      370.6760000000       148.4680000000        76.5200000000    819
      371.0720000000       112.7720000000        94.4870000000    820
      371.1090000000       117.8760000000        94.2380000000    821
      371.4530000000       564.4160000000         8.3370000000    822
      372.5980000000       159.2220000000        93.6600000000    823
      373.7270000000       138.4860000000        94.1700000000    824
      374.1290000000       161.5780000000        78.7590000000    825
      375.5070000000       295.9620000000        66.9050000000    826
      375.7950000000       159.3080000000        39.7000000000    827
      376.0170000000       184.5470000000        37.3780000000    828
      377.0510000000       134.6510000000        78.1440000000    829
      377.1670000000       247.1310000000        11.0180000000    830
      376.8880000000       280.8240000000        76.2370000000    831
      377.2430000000       330.6120000000        18.8520000000    832
      377.7380000000       126.0850000000        90.6470000000    833
      377.3560000000       146.6590000000        57.4580000000    834
      377.4360000000       298.9520000000        21.6910000000    835
      378.4530000000       100.9820000000       108.3790000000    836
      378.5840000000       151.2050000000        95.4960000000    837
      378.3370000000       161.4370000000        47.4050000000    838
      379.0460000000       128.8620000000        67.5140000000    839
      379.3180000000       250.6950000000        37.8940000000    840
      379.8750000000       191.8300000000        34.9120000000    841
      380.3740000000       469.8190000000         7.4750000000    842
      380.5130000000       131.4660000000        99.9430000000    843
      381.0450000000       109.5220000000        98.2320000000    844
      381.0290000000       375.1550000000         5.5080000000    845
      381.6670000000       151.5600000000        83.7970000000    846
      381.6180000000       187.3630000000        84.1640000000    847
      382.4970000000       309.6180000000        23.8640000000    848
      383.5410000000       159.2080000000        76.6970000000    849
      383.2330000000       200.8920000000        22.7460000000    850
      384.1980000000       283.5110000000        49.9630000000    851
      385.2340000000       410.0030000000         7.1430000000    852
      386.1560000000       111.1880000000        82.8990000000    853
      387.8870000000       127.9490000000        74.9350000000    854
      387.8760000000       167.8630000000        85.6500000000    855
      387.8210000000       373.0760000000        10.9800000000    856
      388.7930000000       153.9710000000        48.3330000000    857
      388.8090000000       220.8290000000        36.7730000000    858
      388.7500000000       298.1100000000        58.5530000000    859
      389.3720000000       148.8680000000        68.2910000000    860
      389.4960000000       143.2170000000        87.4120000000    861
      389.4250000000       241.9970000000        15.0540000000    862
      390.2260000000       150.8850000000       100.1470000000    863
      389.8460000000       187.1860000000        86.2760000000    864
      390.0970000000       255.9260000000        11.3790000000    865
      390.3350000000       152.0070000000        93.5040000000    866
      392.1520000000       126.6120000000        99.6950000000    867
      393.4940000000       205.2030000000        83.6040000000    868
      393.8690000000       189.8350000000        79.4560000000    869
      393.8590000000       262.8350000000        73.9480000000    870
      395.9450000000       161.0150000000        94.8420000000    871
      395.8650000000       177.7510000000        80.1670000000    872
      396.0120000000       298.5810000000        55.8170000000    873
      396.8040000000       109.5560000000        95.1500000000    874
      396.5940000000       306.4710000000        41.0410000000    875
      396.8340000000       330.7040000000         5.4430000000    876
      397.9930000000       154.9160000000        71.7080000000    877
      398.5840000000       181.4010000000        46.2680000000    878
      398.3630000000       193.2410000000        33.3520000000    879
      398.3510000000       219.5780000000        54.6970000000    880
      398.8880000000       338.1230000000        13.1300000000    881
      399.2220000000       163.6090000000        40.6970000000    882
      400.7280000000       166.7750000000        56.3370000000    883
      400.7660000000       320.4170000000         6.0300000000    884
      401.0730000000       137.3360000000        79.8650000000    885
      401.1020000000       167.3740000000        81.9870000000    886
      401.6180000000       186.1800000000        83.8540000000    887
      401.8930000000       190.9400000000        31.7330000000    888
      401.9260000000       249.2070000000        10.7860000000    889
      402.8910000000       301.1600000000         7.6810000000    890
      404.2460000000       480.4670000000         6.2560000000    891
      404.9460000000       147.3970000000        88.4740000000    892
      405.7360000000       258.9940000000         9.6100000000    893
      407.3570000000       227.4650000000        15.0980000000    894
      407.3070000000       231.5890000000        35.8840000000    895
      407.3780000000       235.4350000000        39.6800000000    896
      409.2830000000       249.0040000000        69.9310000000    897
      409.9570000000       213.2470000000        19.4810000000    898
      411.0180000000       329.3650000000        24.8180000000    899
      412.3320000000       115.8060000000        99.8430000000    900
      413.1760000000       349.2050000000        13.2440000000    901
      413.7640000000       254.1100000000        59.0060000000    902
      414.3250000000       231.1700000000        21.2250000000    903
      414.0160000000       248.1100000000        19.2630000000    904
      414.1470000000       284.8010000000        72.2380000000    905
      414.5710000000       204.0360000000        39.0810000000    906
      415.5050000000       119.7520000000        58.8920000000    907
      415.4790000000       148.8000000000        77.4560000000    908
      416.4220000000       475.5970000000         3.1120000000    909
      416.7060000000       171.7990000000        35.2040000000    910
      417.3730000000       118.7330000000       107.5060000000    911
      417.3720000000       302.8440000000        66.4090000000    912
      418.5600000000       359.5260000000        16.1090000000    913
      418.8840000000       151.5670000000        83.4960000000    914
      418.8930000000       169.6990000000        55.5410000000    915
      419.2980000000       164.3350000000        87.4680000000    916
      419.4940000000       193.6630000000        79.0310000000    917
      420.5980000000       285.0790000000        23.9360000000    918
      420.2500000000       301.5420000000        47.4740000000    919
      421.0100000000       272.6370000000        11.1750000000    920
      421.6240000000       409.9860000000        25.2470000000    921
      423.6940000000       180.2310000000        63.0890000000    922
      423.4420000000       222.7020000000        40.4380000000    923
      424.6960000000       166.6090000000        65.2160000000    924
      425.6050000000       278.1180000000        10.1140000000    925
      426.1750000000       237.6380000000        44.7190000000    926
      426.1930000000       309.6800000000         3.1110000000    927
      427.0100000000       146.7730000000        96.6730000000    928
      427.1720000000       190.4400000000        51.9970000000    929
      426.9180000000       218.6650000000        77.0050000000    930
      427.4240000000       208.6250000000        42.4730000000    931
      430.4330000000       235.0080000000        27.8780000000    932
      430.1280000000       340.3800000000        45.3580000000    933
      430.7630000000       168.4440000000        94.5540000000    934
      431.7470000000       134.7820000000        72.2090000000    935
      431.3960000000       190.9230000000        82.6780000000    936
      432.9380000000       202.0490000000        87.4350000000    937
      434.8580000000       207.8090000000        69.1590000000    938
      434.5340000000       215.7990000000        57.7590000000    939
      434.8690000000       228.8940000000        30.5210000000    940
      434.4800000000       358.7650000000        53.6040000000    941
      435.0450000000       250.1650000000        73.0730000000    942
      436.1480000000       187.4840000000        61.1180000000    943
      436.2320000000       339.5870000000         5.2780000000    944
      436.2150000000       402.3870000000        14.8170000000    945
      436.8530000000       382.7770000000        11.2530000000    946
      437.4670000000       344.3130000000        60.7410000000    947
      438.4050000000       174.0900000000        59.6370000000    948
      438.3690000000       235.8510000000        73.1520000000    949
      439.3060000000       196.4360000000        68.7830000000    950
      439.2310000000       206.8720000000        86.2340000000    951
      440.1850000000       229.3500000000        80.4350000000    952
      439.8940000000       301.8110000000         7.2170000000    953
      440.6070000000       143.9760000000        77.9410000000    954
      440.6510000000       279.7320000000        45.2000000000    955
      440.7280000000       221.8260000000        75.8670000000    956
      441.3250000000       245.2700000000        75.0300000000    957
      442.1400000000       294.4470000000        49.5980000000    958
      443.1330000000       373.2690000000        37.4320000000    959
      443.7190000000       162.7440000000        80.8260000000    960
      443.5370000000       199.8390000000        38.9300000000    961
      443.6230000000       265.3420000000        40.7200000000    962
      444.3120000000       209.5650000000        44.1080000000    963
      444.7090000000       288.9750000000         7.9240000000    964
      444.8760000000       190.8370000000        66.2660000000    965
      445.4860000000       272.6070000000        13.0830000000    966
      445.6290000000       336.9750000000        69.2850000000    967
      447.0000000000       157.4130000000        84.9090000000    968
      448.1380000000       384.2700000000        11.4940000000    969
      448.6800000000       350.3310000000         3.7770000000    970
      449.0050000000       142.1090000000        94.6280000000    971
      448.7640000000       195.0790000000        85.2550000000    972
      449.3800000000       335.5310000000        61.8300000000    973
      449.7820000000       265.3410000000        40.2230000000    974
      450.5880000000       226.6580000000        39.1390000000    975
      450.9070000000       277.2540000000        51.3980000000    976
      451.5540000000       276.9170000000        12.5170000000    977
      451.8780000000       309.7240000000         6.4050000000    978
      452.1490000000       405.5950000000        11.2010000000    979
      452.4680000000       225.2680000000        52.9410000000    980
      454.0270000000       243.4050000000        75.3100000000    981
      454.1610000000       228.9040000000        62.2510000000    982
      454.2210000000       381.0950000000        18.5310000000    983
      455.6840000000       349.9790000000        51.0720000000    984
      456.2340000000       208.7830000000        46.0870000000    985
      455.9860000000       277.7980000000        13.7260000000    986
      456.6330000000       286.8430000000        28.3630000000    987
      456.9120000000       209.8710000000        72.7680000000    988
      457.4560000000       216.1100000000        80.6410000000    989
      457.8290000000       201.5070000000        61.4210000000    990
      458.0130000000       271.1690000000        65.4900000000    991
      457.9120000000       399.1040000000        10.1890000000    992
      458.4270000000       199.2160000000        71.0720000000    993
      458.8900000000       157.8200000000       101.0780000000    994
      460.3100000000       259.2340000000        67.7430000000    995
      460.7300000000       295.6900000000        24.1060000000    996
      460.8490000000       235.4230000000        77.5820000000    997
      463.3790000000       250.1880000000        45.0280000000    998
      463.3470000000       360.0590000000        34.6940000000    999
      463.3700000000       385.9690000000        21.7510000000   1000
      463.9920000000       181.9080000000        69.6300000000   1001
      464.2470000000       208.7340000000        78.5860000000   1002
      465.2520000000       192.9230000000        85.0450000000   1003
      464.8370000000       259.4330000000        57.7600000000   1004
      465.0040000000       457.8430000000         7.9130000000   1005
      470.3820000000       405.8070000000        18.4430000000   1006
      471.2430000000       218.2700000000        66.8340000000   1007
      471.3480000000       228.6520000000        81.5400000000   1008
      471.3860000000       282.9340000000        10.6990000000   1009
      471.6220000000       295.5910000000        12.5240000000   1010
      472.2940000000       328.3510000000        15.4620000000   1011
      472.6390000000       280.5950000000        70.2960000000   1012
      472.9680000000       372.2430000000        31.7480000000   1013
      473.4820000000       361.8820000000        61.1970000000   1014
      474.5040000000       245.3190000000        29.6760000000   1015
      474.5600000000       299.7470000000        13.1540000000   1016
      474.5220000000       489.0150000000         6.0720000000   1017
      476.0850000000       364.9710000000        39.1320000000   1018
      477.0550000000       250.4010000000        69.7890000000   1019
      477.2670000000       411.2320000000        17.0500000000   1020
      479.0800000000       292.7540000000        33.0780000000   1021
      478.7820000000       403.7870000000        26.7830000000   1022
      479.3360000000       234.1010000000        72.3290000000   1023
      479.9440000000       401.4240000000         9.6530000000   1024
      480.3500000000       251.0440000000        78.1120000000   1025
      480.3830000000       268.8780000000        31.0160000000   1026
      480.7090000000       200.5510000000        74.4840000000   1027
      480.5270000000       254.2650000000        40.7680000000   1028
      480.7520000000       269.5780000000        71.2930000000   1029
      481.1220000000       350.4380000000         2.5980000000   1030
      482.1070000000       234.5370000000        64.6760000000   1031
      482.1300000000       243.7570000000        70.1770000000   1032
      482.5450000000       302.7750000000        63.8430000000   1033
      483.6560000000       397.6930000000        10.0680000000   1034
      484.1150000000       285.5800000000        66.0880000000   1035
      484.5480000000       257.2480000000        52.6600000000   1036
      484.9090000000       282.9440000000        27.6700000000   1037
      484.8100000000       408.3060000000        25.0420000000   1038
      486.6460000000       464.0960000000        19.9400000000   1039
      487.0850000000       320.5980000000         5.4250000000   1040
      487.1710000000       371.9270000000        52.1300000000   1041
      488.3070000000       263.2510000000        50.0330000000   1042
      488.2500000000       333.2180000000        29.5090000000   1043
      488.5440000000       246.6790000000        72.7360000000   1044
      488.5900000000       446.4970000000        15.3050000000   1045
      489.0070000000       238.3800000000        81.6760000000   1046
      489.5280000000       299.6440000000        26.1340000000   1047
      490.1500000000       215.5420000000        64.2580000000   1048
      490.8910000000       277.7670000000        76.6550000000   1049
      491.5520000000       294.2870000000        43.9840000000   1050
      492.1890000000       240.6000000000        61.8160000000   1051
      492.2810000000       326.1240000000        13.9540000000   1052
      492.2340000000       469.4560000000        20.6650000000   1053
      493.2920000000       264.3310000000        66.6500000000   1054
      493.6560000000       324.6550000000        69.4900000000   1055
      494.6550000000       330.9460000000        65.8170000000   1056
      496.2780000000       275.5480000000        48.0690000000   1057
      496.5100000000       369.0380000000        26.1210000000   1058
      496.7900000000       243.0770000000        74.4810000000   1059
      497.0800000000       283.3120000000        69.5360000000   1060
      497.7030000000       257.7710000000        47.2160000000   1061
      497.6170000000       446.8410000000        11.6460000000   1062
      498.0550000000       228.7400000000        63.4810000000   1063
      499.9170000000       267.3890000000        73.4390000000   1064
      499.7620000000       372.7850000000         6.0400000000   1065
      499.7560000000       421.0320000000        22.0890000000   1066
      500.1260000000       338.7780000000        32.0580000000   1067
      500.9390000000       244.8090000000        80.8940000000   1068
      500.6350000000       300.4120000000        53.8920000000   1069
      500.8140000000       343.7700000000        26.7230000000   1070
      501.4170000000       437.4730000000        30.0220000000   1071
      501.9410000000       261.3710000000        26.9840000000   1072
      502.6430000000       208.2440000000        79.0190000000   1073
      503.5380000000       317.9950000000        35.9430000000   1074
      504.9380000000       248.1430000000        60.9750000000   1075
      505.6510000000       266.7190000000        71.8810000000   1076
      505.7390000000       324.8150000000        58.5840000000   1077
      507.2360000000       258.8830000000        56.2810000000   1078
      507.1920000000       332.1530000000        16.4120000000   1079
      508.0760000000       281.1200000000        54.0570000000   1080
      510.2820000000       285.2540000000        58.5810000000   1081
      510.9990000000       440.3010000000        36.2960000000   1082
      511.5950000000       309.6600000000        63.3150000000   1083
      511.3900000000       339.3500000000        42.5200000000   1084
      511.5750000000       452.1530000000        30.5320000000   1085
      511.8380000000       412.7520000000         5.4410000000   1086
      511.7880000000       418.9420000000        36.2280000000   1087
      512.6990000000       265.4880000000        75.4650000000   1088
      513.8680000000       330.0910000000        54.3830000000   1089
      514.1470000000       236.0850000000        78.6580000000   1090
      514.5100000000       347.8290000000        49.1760000000   1091
      514.9150000000       342.7350000000        51.3620000000   1092
      516.3730000000       356.9260000000        38.4240000000   1093
      516.9000000000       348.6620000000        27.2270000000   1094
      517.3680000000       275.8100000000        69.0420000000   1095
      518.6590000000       349.9330000000        37.9100000000   1096
      519.2120000000       361.8190000000        18.8220000000   1097
      520.4620000000       440.6870000000        19.0760000000   1098
      520.9670000000       236.4240000000        84.3970000000   1099
      521.2910000000       423.5070000000         5.2810000000   1100
      522.9870000000       439.1120000000         5.8910000000   1101
      526.1160000000       332.0310000000        10.7860000000   1102
      529.6010000000       462.3870000000        26.8960000000   1103
      531.0900000000       388.5940000000        11.3790000000   1104
      531.4020000000       374.5970000000        15.1450000000   1105
      532.0540000000       426.2330000000         6.1470000000   1106
      533.7010000000       430.6680000000         7.4170000000   1107
      535.5080000000       362.3940000000        15.1170000000   1108
      536.3470000000       412.7390000000        33.6110000000   1109
      538.3890000000       423.9230000000        36.1340000000   1110
      540.4750000000       397.6840000000        11.1800000000   1111
      540.3920000000       413.4300000000        50.6660000000   1112
      541.4140000000       412.5980000000        14.7870000000   1113
      541.9690000000       298.5830000000        64.5810000000   1114
      543.8310000000       469.0680000000        40.3220000000   1115
      548.2640000000       405.7740000000        12.6450000000   1116
      548.9370000000       429.0980000000        17.0500000000   1117
      551.4880000000       413.4050000000        11.3380000000   1118
      559.8940000000       411.8820000000        17.3550000000   1119
      566.5450000000       446.3280000000        21.9640000000   1120
      106.3290000000       197.0720000000       127.6930000000   1121
      106.7440000000       287.4380000000        82.0150000000   1122
      111.4470000000       156.7910000000        98.3680000000   1123
      119.6530000000       311.0620000000        79.7470000000   1124
      138.2630000000       393.2760000000        66.6080000000   1125
      165.0080000000       313.2840000000        55.2160000000   1126
      174.6920000000       210.5630000000        47.8820000000   1127
      201.1610000000        87.9770000000       107.1860000000   1128
      206.5060000000       312.7070000000        21.7770000000   1129
      217.3850000000        81.4090000000       113.0950000000   1130
      217.8860000000       263.1690000000        41.3060000000   1131
      218.3320000000       262.2890000000        41.0400000000   1132
      218.8230000000       261.1100000000        40.9290000000   1133
      249.7920000000        90.8530000000       107.4040000000   1134
      253.7460000000       380.0510000000        48.8720000000   1135
      281.7470000000       103.9300000000       123.8110000000   1136
      297.2840000000       457.3420000000         8.4750000000   1137
      316.5080000000       133.3910000000        41.4050000000   1138
      332.1670000000       231.9330000000        20.4360000000   1139
      362.7090000000       276.0910000000        12.2940000000   1140
      394.0980000000       117.7970000000        80.0060000000   1141
      396.0200000000       538.6270000000        19.1040000000   1142
      405.0040000000       339.1930000000        23.9630000000   1143
      425.7230000000       158.8110000000        92.2040000000   1144
      430.5960000000       176.2590000000        78.1740000000   1145
      435.8630000000       369.1100000000        35.6900000000   1146
      458.0420000000       255.3240000000        72.4870000000   1147
      469.6230000000       246.5040000000        58.7030000000   1148
      473.4800000000       201.4770000000        58.8440000000   1149
      489.6160000000       268.1620000000        19.1870000000   1150
