      124.9270000000       246.9630000000        54.0110000000      0
      125.9830000000       392.5640000000        63.9480000000      1
      127.6720000000       386.0920000000        65.9050000000      2
      132.0080000000       470.9300000000        91.2240000000      3
      136.7480000000       399.3320000000        53.7370000000      4
      137.5460000000       272.8270000000        53.0770000000      5
      138.6450000000       391.0230000000        52.9030000000      6
      140.9690000000       342.2090000000        60.3210000000      7
      141.7730000000       312.1220000000        56.6840000000      8
      143.9530000000       295.4150000000        45.3490000000      9
      144.1660000000       453.4290000000        70.8020000000     10
      145.1750000000       329.3240000000        59.3000000000     11
      144.8510000000       354.5050000000        45.1930000000     12
      147.3500000000       322.2050000000        47.4630000000     13
      147.0930000000       475.1760000000        82.1530000000     14
      148.6970000000       308.1450000000        42.5760000000     15
      148.4830000000       418.9850000000        57.8480000000     16
      151.4450000000       466.1180000000        43.1030000000     17
      152.0790000000       337.0810000000        48.3350000000     18
      152.0310000000       374.0990000000        50.6300000000     19
      151.8320000000       404.6840000000        51.7150000000     20
      152.6890000000       419.6800000000        42.5500000000     21
      153.5170000000       460.5760000000        58.2590000000     22
      153.9220000000       295.6010000000        42.6460000000     23
      154.0950000000       449.3690000000        60.7900000000     24
      154.2990000000       235.7280000000        37.7020000000     25
      155.0240000000       477.6960000000        84.3200000000     26
      156.2980000000       433.8530000000        52.8460000000     27
      157.1060000000       395.8110000000        45.4810000000     28
      157.2820000000       441.1270000000        43.9920000000     29
      157.9610000000       477.0990000000        75.2440000000     30
      158.6470000000       356.7960000000        44.7860000000     31
      160.1970000000       505.7530000000        79.3810000000     32
      161.2900000000       283.3280000000        52.6720000000     33
      161.8370000000       268.6990000000        45.9780000000     34
      162.1780000000       458.3470000000        28.5410000000     35
      162.8310000000       235.7470000000        33.9070000000     36
      163.0170000000       329.3270000000        59.8230000000     37
      163.1130000000       403.3800000000        63.2460000000     38
      163.8380000000       243.5500000000        54.0550000000     39
      163.7240000000       401.1940000000        48.0410000000     40
      164.9710000000       246.0790000000        30.5210000000     41
      165.1990000000       520.9290000000        49.7100000000     42
      165.9050000000       264.6270000000        28.9690000000     43
      166.3970000000       312.0490000000        57.1390000000     44
      166.8320000000       501.1920000000        68.1600000000     45
      167.5250000000       394.1780000000        61.4380000000     46
      167.2260000000       432.9560000000        51.2650000000     47
      167.9620000000       255.3890000000        31.9770000000     48
      167.9380000000       418.7310000000        42.2830000000     49
      167.7680000000       486.3790000000        80.6410000000     50
      168.5280000000       390.8480000000        35.9430000000     51
      168.4400000000       458.3050000000        49.6700000000     52
      169.2320000000       332.1600000000        46.0540000000     53
      169.2600000000       537.5720000000        89.4920000000     54
      170.2960000000       240.3060000000        49.7150000000     55
      170.2900000000       277.1910000000        50.3680000000     56
      170.5950000000       296.1250000000        43.3140000000     57
      170.7090000000       415.5870000000        60.4470000000     58
      171.7160000000       355.5320000000        43.4780000000     59
      172.3130000000       334.2620000000        59.9230000000     60
      172.2960000000       393.9020000000        46.5480000000     61
      173.6020000000       428.5210000000        49.3610000000     62
      174.7030000000       229.5410000000        45.2180000000     63
      174.9720000000       309.0140000000        45.0650000000     64
      174.5730000000       455.1360000000        55.5530000000     65
      175.3660000000       333.6230000000        12.0870000000     66
      175.5850000000       248.7130000000        36.0780000000     67
      175.8200000000       363.7070000000        35.0700000000     68
      176.3280000000       344.5810000000        57.3770000000     69
      176.5000000000       371.3340000000        46.0230000000     70
      177.6230000000       325.6990000000        47.8330000000     71
      177.8200000000       393.7820000000        57.8950000000     72
      177.7560000000       440.1940000000        48.1360000000     73
      178.0590000000       493.2750000000        82.8210000000     74
      178.3270000000       262.0980000000        44.8390000000     75
      178.5880000000       424.8940000000        64.6070000000     76
      179.1500000000       425.4790000000        45.4010000000     77
      179.6610000000       378.3850000000        59.3020000000     78
      179.6050000000       507.7540000000        67.2320000000     79
      179.2940000000       510.5670000000        74.8330000000     80
      180.7120000000       521.8670000000        90.9620000000     81
      181.0020000000       467.4260000000        62.2770000000     82
      182.0450000000       404.9740000000        45.9600000000     83
      181.8880000000       482.8630000000        75.0070000000     84
      182.2690000000       556.0340000000        89.7580000000     85
      182.3690000000       316.4640000000        49.3750000000     86
      183.2260000000       446.6270000000        30.2360000000     87
      183.8630000000       277.4380000000        33.5250000000     88
      184.3070000000       460.4330000000        73.0700000000     89
      184.4560000000       432.9190000000        37.3290000000     90
      184.6800000000       477.9760000000        55.4890000000     91
      184.6380000000       500.5670000000        70.3160000000     92
      185.1610000000       386.8910000000        38.8770000000     93
      185.4990000000       257.1560000000        26.5210000000     94
      185.4990000000       263.6570000000        30.0250000000     95
      186.1020000000       347.0460000000        43.4780000000     96
      186.0100000000       473.9200000000        78.7510000000     97
      186.4440000000       498.9260000000        59.2650000000     98
      186.9990000000       313.3200000000        36.0190000000     99
      186.9960000000       323.4280000000        57.6850000000    100
      187.2460000000       329.7450000000        42.8330000000    101
      187.4600000000       336.3520000000        25.6190000000    102
      187.1220000000       383.6930000000        49.5920000000    103
      187.4840000000       509.6970000000        76.5700000000    104
      187.8390000000       227.8030000000        23.8230000000    105
      187.9620000000       396.4130000000        21.4970000000    106
      188.4890000000       366.5250000000        29.1490000000    107
      188.3480000000       456.5610000000        75.3780000000    108
      188.9000000000       420.7440000000        38.2500000000    109
      189.2110000000       289.4750000000        48.1080000000    110
      189.3950000000       340.4890000000        51.2470000000    111
      189.1600000000       414.2290000000        52.5670000000    112
      190.2120000000       320.4790000000        56.3670000000    113
      190.9880000000       545.4680000000       103.4740000000    114
      191.8260000000       248.7190000000        48.2180000000    115
      192.0770000000       334.1790000000        56.6830000000    116
      192.1470000000       462.8130000000        40.3900000000    117
      192.6380000000       477.3810000000        80.7120000000    118
      192.8090000000       520.7700000000        79.4240000000    119
      193.1970000000       544.7640000000        60.5680000000    120
      193.6660000000       366.5080000000         9.9440000000    121
      194.2700000000       233.0340000000        34.7290000000    122
      194.1370000000       251.4950000000        33.4410000000    123
      193.8700000000       269.7210000000        47.2130000000    124
      194.7090000000       316.5350000000        57.0350000000    125
      194.5840000000       454.7040000000        50.5070000000    126
      194.9580000000       292.5420000000        57.2980000000    127
      195.2050000000       358.3500000000        55.4240000000    128
      195.0090000000       448.5940000000        57.0300000000    129
      195.7460000000       314.4850000000        38.3640000000    130
      195.6890000000       370.5720000000        58.4360000000    131
      195.8430000000       492.9830000000        77.3890000000    132
      196.0750000000       262.6030000000        22.6490000000    133
      196.0640000000       398.0260000000        30.9520000000    134
      195.8980000000       434.4210000000        67.4770000000    135
      196.5590000000       248.0560000000        38.1230000000    136
      196.6420000000       470.1360000000        70.9740000000    137
      196.5920000000       472.3280000000        48.2360000000    138
      197.1420000000       492.0940000000        67.5130000000    139
      197.0270000000       512.5790000000        58.6250000000    140
      196.9620000000       536.9260000000        82.5920000000    141
      197.5510000000       283.1030000000        44.6510000000    142
      197.5550000000       331.6890000000        12.7520000000    143
      197.5580000000       409.9010000000        32.7520000000    144
      197.7530000000       445.0840000000        65.2440000000    145
      197.9960000000       284.8650000000        23.1560000000    146
      198.9290000000       345.6260000000        52.5350000000    147
      198.6250000000       542.2710000000        99.0120000000    148
      199.3710000000       304.2550000000        29.3890000000    149
      199.8730000000       307.9250000000        51.2220000000    150
      199.6080000000       364.7230000000        27.0410000000    151
      200.9140000000       294.7470000000        39.9880000000    152
      201.1300000000       219.0800000000        31.5630000000    153
      201.6570000000        67.9220000000         5.5180000000    154
      202.0260000000       349.0970000000        45.8530000000    155
      202.0620000000       504.0530000000        86.3950000000    156
      202.3130000000       525.1210000000        90.1760000000    157
      202.2490000000       527.8240000000        74.3940000000    158
      202.7580000000       336.1940000000        11.3990000000    159
      202.6600000000       346.3870000000        32.0030000000    160
      202.8730000000       473.0510000000        40.3410000000    161
      203.6780000000       259.8620000000         3.0800000000    162
      203.4090000000       424.7150000000        28.9230000000    163
      203.3150000000       570.0860000000       111.0350000000    164
      203.9080000000       345.0140000000        60.7450000000    165
      204.5510000000       413.5540000000        59.8730000000    166
      204.6660000000       453.6620000000        67.9320000000    167
      205.1000000000       396.8690000000        61.4130000000    168
      205.0180000000       449.4090000000        43.6610000000    169
      205.5590000000       248.5260000000        51.4490000000    170
      205.4840000000       315.1670000000        51.9050000000    171
      205.3310000000       554.8420000000        94.9560000000    172
      206.8350000000       289.9990000000        10.3850000000    173
      207.2660000000       514.5110000000        78.4390000000    174
      207.9380000000       244.5180000000        37.7530000000    175
      207.8650000000       338.4600000000        45.3650000000    176
      208.3980000000       252.6560000000        56.2470000000    177
      208.6400000000       305.1220000000        60.3630000000    178
      208.4910000000       581.4330000000       100.5250000000    179
      208.9050000000       353.3420000000        25.5120000000    180
      209.4550000000       226.4430000000         8.2090000000    181
      209.8910000000       465.7640000000        31.6660000000    182
      210.0420000000       414.0640000000        29.8420000000    183
      210.1880000000       516.6690000000        39.9860000000    184
      211.4310000000       422.2270000000        65.6980000000    185
      212.3610000000       219.8530000000        20.5780000000    186
      212.8310000000       262.2460000000        17.0560000000    187
      212.8730000000       293.8610000000        10.1660000000    188
      213.0450000000       337.8100000000        16.3960000000    189
      212.7230000000       427.0100000000        27.2710000000    190
      213.0490000000       449.3210000000        17.9630000000    191
      212.8890000000       521.6380000000        64.1000000000    192
      213.8370000000       473.8580000000        35.0360000000    193
      213.6540000000       474.1720000000        75.6490000000    194
      214.7460000000       211.2320000000        33.3500000000    195
      214.6580000000       320.1280000000        30.4260000000    196
      214.7660000000       591.5250000000        99.5980000000    197
      215.3600000000       532.9440000000        70.5300000000    198
      215.6120000000       556.2180000000        92.1670000000    199
      215.7640000000       279.8890000000        54.5020000000    200
      216.5890000000       284.9900000000        21.8650000000    201
      217.1490000000       248.6300000000        53.3580000000    202
      217.2110000000       362.0310000000         4.9430000000    203
      217.0520000000       485.4310000000        33.5530000000    204
      217.1480000000       530.5430000000        80.6960000000    205
      217.4250000000       247.8930000000        18.2950000000    206
      217.4580000000       366.0510000000        60.5350000000    207
      218.2550000000       465.0030000000        40.6060000000    208
      217.7960000000       565.9060000000        72.4130000000    209
      218.2950000000       325.0330000000        59.8030000000    210
      218.7070000000       419.5540000000        24.6740000000    211
      218.6420000000       449.8220000000        16.6920000000    212
      219.2250000000       449.0230000000        40.1660000000    213
      219.7220000000       257.8440000000         7.1320000000    214
      219.7460000000       372.3660000000        28.6630000000    215
      219.6280000000       506.2800000000        47.2960000000    216
      219.3830000000       574.4130000000       104.4260000000    217
      220.4910000000       390.2800000000        30.3440000000    218
      221.5200000000       181.4910000000        33.1310000000    219
      221.6130000000       557.5530000000       108.1770000000    220
      222.0220000000       518.1040000000        88.0100000000    221
      222.8540000000       234.7010000000        49.7240000000    222
      222.9030000000       405.9180000000        37.5610000000    223
      222.9420000000       543.7620000000        78.9890000000    224
      223.0520000000       171.5810000000        26.4790000000    225
      223.1980000000       205.8130000000        30.7020000000    226
      223.4400000000       408.0840000000        20.5230000000    227
      223.4470000000       481.6870000000        47.6090000000    228
      223.2000000000       535.9420000000        59.5610000000    229
      223.6490000000       510.5960000000        81.6980000000    230
      224.3050000000       256.9690000000        17.0570000000    231
      224.0830000000       477.7280000000        37.5550000000    232
      224.6950000000        87.0660000000        11.6600000000    233
      224.6550000000       291.5630000000        56.8980000000    234
      224.9210000000       582.3710000000        95.1770000000    235
      225.1860000000       325.0480000000         7.6210000000    236
      225.2100000000       331.3880000000        24.6050000000    237
      225.5390000000       363.6400000000        17.2200000000    238
      225.3050000000       487.9570000000        68.4520000000    239
      225.9940000000       151.6610000000         7.6130000000    240
      225.7850000000       356.2720000000        41.7840000000    241
      225.8280000000       493.6220000000        52.7160000000    242
      226.4410000000       553.1640000000        49.4420000000    243
      226.2480000000       593.4230000000        84.7720000000    244
      226.3560000000       601.8250000000        75.0380000000    245
      226.6850000000       565.2850000000        96.8750000000    246
      227.6140000000       190.2800000000        21.7430000000    247
      227.4160000000       267.9850000000         8.3750000000    248
      229.0090000000       166.4830000000        34.9060000000    249
      229.4890000000       284.5980000000        23.8000000000    250
      229.4020000000       521.1230000000        83.0210000000    251
      229.7500000000       232.8640000000         5.6400000000    252
      229.9020000000       425.4820000000        69.0610000000    253
      230.3990000000       483.7490000000        40.1910000000    254
      230.7310000000       579.5560000000        97.4530000000    255
      231.1810000000       164.7060000000        11.5230000000    256
      231.0980000000       331.9230000000        38.9010000000    257
      230.9150000000       441.7480000000        36.0930000000    258
      231.4740000000       352.0770000000        58.1240000000    259
      231.5490000000       474.5870000000        21.9210000000    260
      231.4410000000       573.1370000000        72.7560000000    261
      231.9610000000       269.6240000000        52.4910000000    262
      231.8740000000       560.3590000000       102.8390000000    263
      233.1730000000       509.8050000000        30.1260000000    264
      233.3200000000       517.2090000000        43.2000000000    265
      233.4490000000       387.4110000000        15.2700000000    266
      233.9030000000       449.2330000000        71.0680000000    267
      233.8130000000       508.7080000000        79.4760000000    268
      234.2870000000       544.5070000000        92.5800000000    269
      234.0400000000       597.3860000000       109.8440000000    270
      234.8240000000       420.3170000000        57.7230000000    271
      234.7600000000       522.3190000000        48.6950000000    272
      235.5440000000       290.5240000000        33.4480000000    273
      235.4900000000       308.1540000000        27.0490000000    274
      235.6310000000       406.2310000000        22.8280000000    275
      235.7300000000       462.9470000000        40.5810000000    276
      236.4210000000       569.0020000000        65.3180000000    277
      236.5810000000       161.8360000000        27.9640000000    278
      236.8520000000       424.9280000000        16.8570000000    279
      236.9490000000       557.0260000000        91.3390000000    280
      237.3660000000       288.4040000000        59.2430000000    281
      237.8970000000       358.3720000000         5.7750000000    282
      238.5430000000       179.4190000000        45.5740000000    283
      238.3220000000       525.7110000000        90.3340000000    284
      239.0070000000       414.8890000000        28.9220000000    285
      238.9130000000       432.1920000000        29.6870000000    286
      239.5000000000       494.2750000000        81.4120000000    287
      240.4800000000        32.1140000000         7.5860000000    288
      240.3940000000       364.4450000000         6.8520000000    289
      240.6120000000       397.3450000000        65.3830000000    290
      240.5900000000       516.9150000000        35.4550000000    291
      241.1810000000       617.9620000000       119.8240000000    292
      242.1210000000       213.4930000000         3.6560000000    293
      242.4230000000       385.3020000000        19.4480000000    294
      242.7820000000        19.8330000000         3.2240000000    295
      243.3210000000        66.9560000000         8.6400000000    296
      243.7040000000       274.5270000000        23.7850000000    297
      243.4400000000       303.0150000000        41.6720000000    298
      243.6410000000       364.4580000000        33.4230000000    299
      243.3660000000       372.2090000000         8.8230000000    300
      243.3430000000       391.3960000000        27.7620000000    301
      243.7070000000       531.0120000000        54.2430000000    302
      244.1150000000       230.9190000000         6.4430000000    303
      244.2410000000       283.8580000000        11.6110000000    304
      243.8340000000       578.4700000000        73.8830000000    305
      244.5380000000        59.4050000000        10.1940000000    306
      244.7350000000       562.8750000000        65.5750000000    307
      245.0220000000       239.6720000000        48.9080000000    308
      245.1490000000       584.8260000000       102.4590000000    309
      244.8510000000       586.2630000000        61.8290000000    310
      245.8150000000       323.1210000000         8.8080000000    311
      245.7470000000       505.5900000000        34.6250000000    312
      245.8070000000       608.9520000000       127.7220000000    313
      246.1250000000       580.1940000000        87.1950000000    314
      246.6180000000       472.9110000000        17.1480000000    315
      246.7900000000       475.4570000000        38.1140000000    316
      246.7080000000       478.6740000000        73.3290000000    317
      246.7060000000       605.9750000000        99.4520000000    318
      247.2130000000       487.4370000000        80.4220000000    319
      247.1320000000       543.0160000000        42.9040000000    320
      247.3670000000       570.1550000000       102.6330000000    321
      247.0210000000       587.5570000000       120.8100000000    322
      247.1550000000       607.9230000000        88.5620000000    323
      247.7000000000       214.7840000000        41.6070000000    324
      247.5710000000       318.4200000000        63.4470000000    325
      247.6470000000       368.9640000000        34.7650000000    326
      248.2660000000        88.5210000000        13.3580000000    327
      248.3240000000       304.1760000000        11.0940000000    328
      248.0380000000       305.6790000000        22.6440000000    329
      248.3930000000       512.2860000000        78.1120000000    330
      248.6780000000       179.5880000000         7.4100000000    331
      248.6130000000       532.4330000000        61.4530000000    332
      249.8890000000       202.0270000000        16.0700000000    333
      249.8970000000       243.5310000000        26.0020000000    334
      249.8450000000       377.4830000000        13.4900000000    335
      249.8240000000       615.9290000000       132.8570000000    336
      250.3040000000       534.5650000000        85.0650000000    337
      250.7480000000        45.4020000000         8.5290000000    338
      250.8390000000       314.4440000000        14.5350000000    339
      252.0170000000        97.1950000000        13.7620000000    340
      251.7150000000       286.4200000000        10.1760000000    341
      253.0140000000       588.2880000000       112.3250000000    342
      252.7080000000       604.9580000000       120.9150000000    343
      252.8080000000       614.9230000000       100.4800000000    344
      253.5330000000       335.3160000000        37.3440000000    345
      254.1190000000        80.9790000000        10.2610000000    346
      253.9000000000       155.4150000000        12.4440000000    347
      254.2340000000       241.9720000000        17.4980000000    348
      254.5000000000       310.0770000000        13.3690000000    349
      254.9980000000       267.1560000000        14.0760000000    350
      255.0730000000       422.8110000000        16.4230000000    351
      255.5620000000       175.9080000000         5.9210000000    352
      255.6370000000       212.9890000000        51.2570000000    353
      255.4100000000       214.9440000000        26.2330000000    354
      255.2770000000       595.5420000000        86.2020000000    355
      255.7160000000       621.3750000000       124.4450000000    356
      256.1210000000       221.5110000000         7.2640000000    357
      255.8760000000       557.2480000000        63.1800000000    358
      256.3400000000       139.6170000000        13.0040000000    359
      256.7060000000       152.7120000000        41.1630000000    360
      257.1380000000       134.8130000000        11.6190000000    361
      257.2720000000       456.3420000000        52.1950000000    362
      257.2300000000       473.1310000000        21.8710000000    363
      256.9680000000       630.3840000000       139.5090000000    364
      257.7060000000       208.2110000000        24.4700000000    365
      257.7520000000       583.4170000000       111.2660000000    366
      258.1000000000       333.4860000000        48.2210000000    367
      257.9800000000       381.8100000000         9.7540000000    368
      258.4660000000        60.9210000000        12.9090000000    369
      258.8430000000        99.2870000000         5.4230000000    370
      258.6670000000       284.7380000000         8.6360000000    371
      258.5450000000       386.9080000000         9.4670000000    372
      258.6330000000       497.5800000000        25.3760000000    373
      258.6280000000       614.6950000000        81.2980000000    374
      259.5990000000       305.9160000000        19.3600000000    375
      259.4450000000       395.5680000000        54.1610000000    376
      260.4210000000       430.9950000000        20.6040000000    377
      260.2840000000       577.3990000000       111.5290000000    378
      260.5970000000       186.9790000000        52.0150000000    379
      260.6520000000       248.9240000000         3.6390000000    380
      261.2250000000       211.2480000000         5.2110000000    381
      261.2930000000       235.0650000000         8.2400000000    382
      261.2580000000       256.5080000000         4.2320000000    383
      261.6720000000         4.2720000000        21.2190000000    384
      261.9780000000       560.7000000000        39.7890000000    385
      261.9710000000       571.8970000000       109.5380000000    386
      261.6490000000       609.1140000000        80.0960000000    387
      262.2670000000       583.7200000000       102.3500000000    388
      262.9120000000       146.7200000000        29.9440000000    389
      262.9670000000       301.8400000000        50.3840000000    390
      263.0590000000       561.9600000000        60.5820000000    391
      263.4610000000        21.1590000000        18.7470000000    392
      263.4030000000       514.6170000000        31.0640000000    393
      263.4160000000       600.1440000000        98.8210000000    394
      263.4010000000       610.4290000000        70.6000000000    395
      263.6280000000       123.0560000000        30.3330000000    396
      264.0200000000       398.4200000000        27.5550000000    397
      263.8410000000       552.9670000000        40.8140000000    398
      264.4480000000        85.7510000000        18.5140000000    399
      264.2010000000       599.7060000000       109.2240000000    400
      265.0250000000         9.6260000000        19.4930000000    401
      265.4800000000       142.0050000000        39.7250000000    402
      265.1680000000       192.8280000000        48.2920000000    403
      265.4740000000       545.5970000000        37.7980000000    404
      265.4630000000       565.0050000000        81.0760000000    405
      266.1910000000        71.9810000000        13.6720000000    406
      265.9540000000       129.1720000000        32.5150000000    407
      265.8740000000       376.6300000000         6.0050000000    408
      266.6840000000        42.2270000000         7.4180000000    409
      266.3570000000       246.5100000000        24.3400000000    410
      266.8270000000       205.3250000000        20.0150000000    411
      267.0750000000       331.4050000000        13.7070000000    412
      268.2050000000       112.0780000000        19.7990000000    413
      268.4860000000       232.0310000000        52.0560000000    414
      268.3730000000       240.5370000000        37.5070000000    415
      268.3510000000       612.9070000000        93.3440000000    416
      268.3110000000       625.3180000000       105.4750000000    417
      269.0540000000       212.1240000000        19.6580000000    418
      269.2460000000       231.5190000000         3.7190000000    419
      268.8470000000       473.9770000000        80.8340000000    420
      269.2030000000       543.0990000000        36.6400000000    421
      270.1300000000       102.8450000000        21.9800000000    422
      270.2290000000       427.3810000000        15.2020000000    423
      270.2220000000       555.4510000000        45.1550000000    424
      270.6370000000       276.3380000000        56.6520000000    425
      270.4060000000       503.0550000000        73.0670000000    426
      270.6360000000       626.2050000000       129.2200000000    427
      270.7950000000       635.4740000000       123.1120000000    428
      270.6790000000       654.8530000000        93.7670000000    429
      271.0300000000       296.7810000000        25.7330000000    430
      271.4390000000       484.5380000000        74.0330000000    431
      272.3600000000       147.0260000000         3.6360000000    432
      271.9510000000       278.6430000000         5.0270000000    433
      272.6000000000       200.3310000000        49.7050000000    434
      272.8550000000       582.9570000000        54.6960000000    435
      273.1810000000       511.3910000000        62.1610000000    436
      273.0890000000       629.4060000000       101.2940000000    437
      273.6480000000       349.8070000000        23.2380000000    438
      273.7000000000       379.1720000000        35.1820000000    439
      274.7430000000       184.1530000000         3.5830000000    440
      274.9240000000       441.0700000000        18.0330000000    441
      274.5860000000       637.5270000000       119.0150000000    442
      275.4620000000       203.6810000000        34.3870000000    443
      275.2270000000       229.4170000000         3.7130000000    444
      275.4700000000       595.8160000000        57.9590000000    445
      276.0420000000       165.0480000000         3.0800000000    446
      276.0400000000       173.1640000000         3.8500000000    447
      275.7520000000       557.2100000000        66.3190000000    448
      276.4680000000       178.8310000000         9.8660000000    449
      276.6620000000        83.8070000000        17.1790000000    450
      276.8420000000       345.8040000000         9.4040000000    451
      277.1060000000       356.2040000000        25.3720000000    452
      276.7780000000       361.9170000000         6.4110000000    453
      277.2350000000       309.5500000000         6.0910000000    454
      277.8150000000       268.3140000000         3.8640000000    455
      278.1270000000       604.0930000000       115.6390000000    456
      278.2030000000       354.0210000000        11.1320000000    457
      278.2900000000       375.8180000000         7.0120000000    458
      279.1550000000        93.1260000000         8.2910000000    459
      279.2180000000       323.2410000000        10.0860000000    460
      279.1200000000       369.4100000000        31.4510000000    461
      279.1340000000       383.9660000000         7.7560000000    462
      278.7620000000       572.4100000000       105.4150000000    463
      279.4290000000        12.8030000000        10.7170000000    464
      279.5180000000       147.0630000000        33.8300000000    465
      279.4880000000       507.0430000000        70.1540000000    466
      280.5630000000       361.0120000000        59.3890000000    467
      281.3660000000       101.3430000000        11.2600000000    468
      281.4140000000       289.3510000000        33.0780000000    469
      281.5650000000       562.8930000000        89.7220000000    470
      281.6650000000       627.1040000000       114.5440000000    471
      282.1610000000       214.6670000000        26.0690000000    472
      282.8270000000       385.1840000000        60.8630000000    473
      282.6410000000       575.2970000000        88.3090000000    474
      282.6400000000       613.1860000000        81.7140000000    475
      283.0760000000       602.6860000000        74.2790000000    476
      284.0800000000       143.6450000000         6.5500000000    477
      285.2970000000       242.4680000000         4.3920000000    478
      285.6320000000       578.0980000000        74.4950000000    479
      286.1420000000       594.3100000000       115.9310000000    480
      286.8020000000       635.6980000000       106.6410000000    481
      287.5620000000       432.6820000000        52.8620000000    482
      287.2670000000       537.8700000000        32.5600000000    483
      287.2910000000       589.3920000000        50.8280000000    484
      287.6050000000       145.6880000000        31.2490000000    485
      288.1910000000       429.0890000000        60.4560000000    486
      288.8790000000       266.6550000000        59.0900000000    487
      288.7830000000       287.4090000000        30.6990000000    488
      288.6840000000       332.0180000000         7.0540000000    489
      288.7550000000       567.6820000000        82.2410000000    490
      289.1280000000       617.6440000000       106.2240000000    491
      289.4780000000       359.3280000000        60.2620000000    492
      289.3200000000       421.7790000000        14.5020000000    493
      289.3920000000       488.9160000000        25.4510000000    494
      289.5150000000       496.3570000000        25.9390000000    495
      291.3250000000       641.4250000000        92.0370000000    496
      292.2430000000       208.1990000000         5.8100000000    497
      292.1460000000       224.5400000000        28.9890000000    498
      291.9820000000       583.9080000000        51.2540000000    499
      293.0870000000       145.3030000000         4.5860000000    500
      292.8390000000       213.8150000000         6.2040000000    501
      292.9400000000       298.5860000000        59.6840000000    502
      292.8220000000       461.3840000000        61.2080000000    503
      293.9120000000         9.6030000000        33.5830000000    504
      295.1380000000       155.1810000000         4.6050000000    505
      295.1990000000       185.3670000000         3.8840000000    506
      294.9170000000       592.9860000000       110.7590000000    507
      295.6040000000       286.9050000000        45.0000000000    508
      295.5670000000       427.3950000000        16.2610000000    509
      296.4050000000       134.0020000000         5.2920000000    510
      296.6690000000       209.9940000000        33.8050000000    511
      296.7020000000       252.0980000000        43.1310000000    512
      296.8180000000       296.1130000000         6.8080000000    513
      297.0960000000       197.2000000000        39.2210000000    514
      297.4020000000       471.5770000000        21.8810000000    515
      297.6010000000       329.7760000000         8.9520000000    516
      297.7200000000       530.4470000000        32.5130000000    517
      297.6690000000       565.6130000000       102.1320000000    518
      298.2720000000       517.7830000000        81.3190000000    519
      298.7530000000       563.4380000000        79.4220000000    520
      300.1810000000       349.0760000000        54.0040000000    521
      300.2240000000       414.0470000000        41.9970000000    522
      301.4960000000       369.6230000000        39.0900000000    523
      301.6550000000       148.0920000000        12.3540000000    524
      302.6430000000        74.3550000000        22.7260000000    525
      302.2290000000       605.5160000000        58.8690000000    526
      302.4520000000       623.7540000000       104.5070000000    527
      303.0560000000       187.2080000000         4.2000000000    528
      303.3340000000       119.0010000000        25.3250000000    529
      303.2960000000       329.2330000000        50.2420000000    530
      303.3390000000       610.9760000000       104.6620000000    531
      304.0740000000        61.7880000000        35.3380000000    532
      303.8470000000       235.6310000000         5.6110000000    533
      303.7900000000       569.8680000000        48.6970000000    534
      304.0090000000       578.3220000000       100.1490000000    535
      304.3090000000       554.6750000000        45.7350000000    536
      305.4460000000        86.6550000000        10.5010000000    537
      305.3890000000       106.2340000000        27.3630000000    538
      305.3500000000       322.2150000000         9.3420000000    539
      306.2810000000         9.8170000000        24.9590000000    540
      306.1080000000       191.6100000000         9.1930000000    541
      305.8220000000       261.0880000000         4.3030000000    542
      306.8190000000       130.5300000000        28.1140000000    543
      306.7290000000       336.2380000000        49.2220000000    544
      306.6720000000       370.0200000000        13.7150000000    545
      306.7090000000       589.2540000000       103.9680000000    546
      307.1260000000       140.5170000000        20.1480000000    547
      307.2990000000       604.2240000000        85.6630000000    548
      307.7000000000        28.1230000000        42.3700000000    549
      307.4700000000        46.2490000000        16.8830000000    550
      307.3970000000       307.4320000000        15.4730000000    551
      308.2690000000        76.8070000000        36.3770000000    552
      308.1300000000       196.5810000000         5.6050000000    553
      308.2720000000       570.3040000000        93.4470000000    554
      308.8140000000       150.7320000000        20.7080000000    555
      308.4380000000       385.9990000000        14.1910000000    556
      309.9630000000       193.4380000000        21.7790000000    557
      309.7170000000       208.1560000000        12.4600000000    558
      309.7410000000       292.1310000000        42.5660000000    559
      309.7630000000       591.3980000000        57.1540000000    560
      310.0040000000       409.4720000000        59.9560000000    561
      310.5000000000        78.3350000000         4.6300000000    562
      310.6750000000       442.6160000000        18.7160000000    563
      311.2320000000       127.0200000000         9.9290000000    564
      311.1790000000       633.9670000000        84.6130000000    565
      311.8800000000       629.0810000000        93.8980000000    566
      312.6880000000        45.6440000000        41.4960000000    567
      312.9340000000        58.7560000000        17.2630000000    568
      312.9800000000       109.2190000000        24.8720000000    569
      312.7720000000       463.5710000000        66.9110000000    570
      313.6070000000        30.0950000000         9.7350000000    571
      313.3420000000       361.2890000000        62.4960000000    572
      313.6430000000        15.6880000000        13.8170000000    573
      314.2780000000       351.0100000000        18.7520000000    574
      314.8840000000        50.9060000000        39.1450000000    575
      314.6780000000       243.0110000000         5.8620000000    576
      314.9760000000       363.6540000000        20.0760000000    577
      315.7130000000       351.4660000000        28.2580000000    578
      315.9990000000       376.3090000000        55.0600000000    579
      316.1060000000       449.3760000000        22.8590000000    580
      316.0960000000       536.1860000000        46.4490000000    581
      316.3030000000       261.7940000000        37.5610000000    582
      316.2610000000       306.6140000000        21.4280000000    583
      316.4290000000       474.2380000000        61.1720000000    584
      316.3640000000       599.7630000000        56.9440000000    585
      317.3940000000       224.7840000000         8.7740000000    586
      317.5520000000       477.0230000000        33.8660000000    587
      317.4590000000       552.2410000000        90.9370000000    588
      318.1570000000       192.3900000000        32.4270000000    589
      318.1740000000       278.8510000000        38.7460000000    590
      318.1810000000       299.8270000000        14.3100000000    591
      317.7820000000       458.8900000000        38.2370000000    592
      318.7550000000        69.1830000000        16.8720000000    593
      318.5850000000        85.9050000000        16.8380000000    594
      318.7230000000       319.1170000000        12.6170000000    595
      318.7100000000       379.6180000000        27.6410000000    596
      319.2120000000       274.1610000000        40.6440000000    597
      320.3730000000        93.2180000000        19.1580000000    598
      320.0290000000       221.9620000000        18.9900000000    599
      320.3750000000       654.2180000000        95.0890000000    600
      321.2770000000       160.5810000000        19.0360000000    601
      320.9770000000       284.7660000000        10.9570000000    602
      321.7710000000       235.5240000000        17.8630000000    603
      321.7830000000       424.7330000000        29.3920000000    604
      321.9610000000       223.6910000000         9.4990000000    605
      322.2350000000       408.4100000000        29.0360000000    606
      322.3110000000       518.9990000000        48.1150000000    607
      322.7210000000       325.6590000000        29.4630000000    608
      323.0400000000        43.2230000000        34.9130000000    609
      323.2760000000       487.2270000000        44.9450000000    610
      323.8130000000       509.4510000000        29.6120000000    611
      323.5340000000       611.3950000000        65.9520000000    612
      325.3350000000       533.9370000000        45.6240000000    613
      326.4600000000       318.9140000000        31.7010000000    614
      326.6720000000       456.3990000000        50.1020000000    615
      327.6010000000       501.0450000000        64.1480000000    616
      327.3040000000       568.8520000000        94.2280000000    617
      328.0690000000       631.6680000000        80.4310000000    618
      328.6520000000       494.7000000000        67.9550000000    619
      328.7510000000       324.9840000000        12.7680000000    620
      329.6460000000       379.6920000000        27.8560000000    621
      330.0600000000       449.7720000000        46.1150000000    622
      329.8890000000       620.7230000000        68.8550000000    623
      331.0460000000        36.0810000000        13.1960000000    624
      331.8370000000       271.8810000000        18.1570000000    625
      331.3470000000       418.1900000000        34.4670000000    626
      332.2160000000       262.5100000000        25.1280000000    627
      332.1770000000       384.8930000000        35.5540000000    628
      331.9460000000       459.9980000000        17.2330000000    629
      332.7770000000       628.5950000000        80.5660000000    630
      332.9640000000       566.8460000000        92.8020000000    631
      333.6450000000       358.9790000000        24.6570000000    632
      333.6850000000       614.9350000000        68.5060000000    633
      335.1440000000       594.8890000000        73.4630000000    634
      335.6750000000       281.5830000000        18.8520000000    635
      336.2670000000       108.5780000000        31.9730000000    636
      338.0470000000       306.4630000000        10.1280000000    637
      338.4640000000       332.3660000000        29.9330000000    638
      338.3980000000       404.7550000000        22.7700000000    639
      339.9890000000       340.2000000000        30.2780000000    640
      342.0600000000       609.1850000000       100.5460000000    641
      344.3200000000       626.4860000000        92.8620000000    642
      345.3600000000       419.2610000000        57.8940000000    643
      346.0010000000       672.3340000000       107.4990000000    644
      346.6690000000       247.1140000000        11.0820000000    645
      347.6220000000       639.4450000000       142.5760000000    646
      350.0530000000       279.9500000000        13.6140000000    647
      351.5550000000       217.6190000000        14.9760000000    648
      352.1530000000       538.6340000000        70.3490000000    649
      352.1560000000       652.9820000000        90.7860000000    650
      353.6350000000       230.6810000000        15.8270000000    651
      354.0030000000       532.4750000000        68.5310000000    652
      353.8130000000       632.1300000000       125.5770000000    653
      354.0460000000       674.1980000000       117.1600000000    654
      354.3760000000       409.6220000000        25.5340000000    655
      355.2960000000       505.2520000000        21.9680000000    656
      355.4550000000       640.0070000000       116.8510000000    657
      356.2180000000       627.8340000000       106.6500000000    658
      357.0930000000       639.3070000000        97.8750000000    659
      357.8100000000       482.3730000000        25.8630000000    660
      359.0260000000        83.1890000000         9.6060000000    661
      360.0630000000       533.5350000000        64.3790000000    662
      360.8120000000       584.3710000000        99.7950000000    663
      360.9870000000       589.7880000000        73.2840000000    664
      361.0430000000       596.3140000000       102.9990000000    665
      363.8600000000       439.8640000000        16.9100000000    666
      363.7800000000       620.6890000000        70.5690000000    667
      366.3900000000       620.5030000000       117.3300000000    668
      367.1980000000       569.8050000000        57.3380000000    669
      367.9270000000       639.5910000000       117.6050000000    670
      368.6620000000       656.4540000000       129.9050000000    671
      369.2660000000       673.4250000000       126.1970000000    672
      369.3970000000       589.9650000000        57.9370000000    673
      370.5810000000       611.7090000000        88.4450000000    674
      370.9470000000       528.7280000000        72.9140000000    675
      373.2690000000       332.2390000000         7.8330000000    676
      373.4520000000       623.8070000000        68.4360000000    677
      374.2590000000       550.4260000000        47.4400000000    678
      374.9000000000       570.7810000000        58.6210000000    679
      376.3550000000       643.5400000000       136.5310000000    680
      376.9880000000       523.0620000000        53.2520000000    681
      378.1070000000       604.7910000000        85.6680000000    682
      378.3270000000       440.2350000000        20.0810000000    683
      378.9880000000       625.4580000000       122.4440000000    684
      379.2440000000       630.5260000000        99.5680000000    685
      379.4930000000       622.8960000000       128.7840000000    686
      379.3190000000       643.4070000000       110.8950000000    687
      379.4680000000       644.3080000000       116.7800000000    688
      379.6890000000       671.2910000000       105.5080000000    689
      381.6230000000       658.0240000000       100.1900000000    690
      382.2340000000       648.4950000000        97.2170000000    691
      382.9410000000       561.3450000000        96.3960000000    692
      384.5730000000       601.3770000000       111.9660000000    693
      388.5470000000       491.9470000000        53.1570000000    694
      388.5100000000       547.9220000000        87.7180000000    695
      388.3010000000       577.6270000000        53.3110000000    696
      388.7110000000       518.7750000000        50.3580000000    697
      388.7220000000       642.5070000000       100.5980000000    698
      389.2640000000       633.1500000000       137.3940000000    699
      390.4370000000       492.8890000000        35.6090000000    700
      390.8530000000       638.9530000000       127.0050000000    701
      391.3280000000       525.2110000000        42.8570000000    702
      394.6790000000       255.6790000000         6.0150000000    703
      395.3300000000       500.9920000000        33.3950000000    704
      395.7790000000       607.7380000000       117.0640000000    705
      395.7960000000       634.8540000000        94.2530000000    706
      396.0530000000       147.4400000000         3.7420000000    707
      396.5590000000       619.7130000000        71.9420000000    708
      396.8320000000       637.2020000000       113.1260000000    709
      397.6490000000       565.4780000000        45.5280000000    710
      398.0210000000       485.5480000000        63.2080000000    711
      398.5820000000       611.5570000000        80.8150000000    712
      398.9310000000       622.4040000000       128.1320000000    713
      399.2090000000       518.6870000000        40.8130000000    714
      399.7200000000       623.6450000000       113.5650000000    715
      400.5260000000       309.3840000000        21.7660000000    716
      400.2770000000       568.2430000000        89.6330000000    717
      400.9400000000       588.6410000000       109.9850000000    718
      401.7120000000       150.9390000000         5.2050000000    719
      402.2840000000       482.7150000000        35.8180000000    720
      403.7430000000       651.3000000000       154.3910000000    721
      404.2880000000       626.4230000000        61.9780000000    722
      404.9390000000       411.2620000000        19.5780000000    723
      405.6930000000       598.6890000000        63.0390000000    724
      406.6030000000       529.0360000000        35.8700000000    725
      406.6150000000       649.7230000000       122.1590000000    726
      408.3420000000       531.4000000000        86.6730000000    727
      408.6560000000       492.3690000000        76.8410000000    728
      408.7890000000       623.7840000000       101.8490000000    729
      409.3310000000       312.1040000000         6.8020000000    730
      409.9380000000       574.8380000000        80.6450000000    731
      410.1510000000       634.1650000000        86.6060000000    732
      411.1660000000       505.1500000000        73.4520000000    733
      411.0380000000       615.0430000000        83.3740000000    734
      411.2970000000       629.4520000000        85.5280000000    735
      412.2740000000       446.7200000000        32.4710000000    736
      412.1570000000       616.1070000000        77.0720000000    737
      412.3500000000       633.9020000000       131.1130000000    738
      413.0350000000       643.7490000000        93.1860000000    739
      414.8850000000       623.7900000000       142.4850000000    740
      415.8700000000       197.7370000000         3.6970000000    741
      415.8450000000       445.7670000000        47.0010000000    742
      416.2030000000       603.9790000000       124.5340000000    743
      416.9830000000       318.1380000000        19.6460000000    744
      417.1730000000       451.9950000000        27.1160000000    745
      418.7770000000       573.6970000000       105.0660000000    746
      418.8870000000       449.3400000000        32.6230000000    747
      418.9360000000       477.7830000000        33.9660000000    748
      419.8560000000       639.8570000000        84.0520000000    749
      420.5970000000       413.0750000000        46.9880000000    750
      420.5560000000       447.3510000000        55.2930000000    751
      421.4140000000       368.9260000000        25.4090000000    752
      421.1880000000       456.8580000000        27.1880000000    753
      421.2100000000       557.8970000000        93.5910000000    754
      421.7020000000       421.9770000000        59.6590000000    755
      421.4560000000       572.7100000000        62.6180000000    756
      422.6620000000       605.7080000000       114.7830000000    757
      423.6870000000       278.5550000000        18.3300000000    758
      423.9120000000       594.6950000000       108.3440000000    759
      424.2060000000       563.7610000000        44.4670000000    760
      425.4530000000       603.4290000000        82.3430000000    761
      426.6300000000       381.0470000000        19.7840000000    762
      427.0480000000       615.3880000000       113.1430000000    763
      427.3840000000       577.0910000000        49.3310000000    764
      427.7430000000       439.8710000000        34.2980000000    765
      427.9860000000       572.5330000000        85.9080000000    766
      428.4250000000       496.5670000000        34.2160000000    767
      429.1350000000       617.1500000000       124.4350000000    768
      429.7870000000       583.5610000000        78.6370000000    769
      430.6390000000       503.3850000000        33.2360000000    770
      431.1540000000       380.1740000000        20.7840000000    771
      431.0890000000       537.7420000000        77.4120000000    772
      431.4940000000       367.6300000000        40.6330000000    773
      431.5300000000       452.7130000000        68.8040000000    774
      431.7540000000       591.1150000000       109.0410000000    775
      432.3140000000       658.8100000000        97.2520000000    776
      432.7900000000       478.5980000000        41.8120000000    777
      434.0050000000       565.3180000000       103.2090000000    778
      435.2740000000       384.3650000000        47.8410000000    779
      436.2250000000       519.2590000000        85.5350000000    780
      436.4930000000       572.2780000000        81.1220000000    781
      437.2300000000       434.5060000000        54.1290000000    782
      437.2240000000       636.8610000000       102.7500000000    783
      437.8900000000       546.3860000000        41.3350000000    784
      437.9760000000       565.6500000000        55.2500000000    785
      438.0300000000       612.9680000000        98.4650000000    786
      438.4260000000       606.1460000000        73.6260000000    787
      438.7760000000       350.7810000000        40.7000000000    788
      438.9170000000       371.8550000000        44.9800000000    789
      438.8140000000       390.2190000000        46.8630000000    790
      438.9200000000       432.3260000000        21.8380000000    791
      438.8060000000       620.8640000000       101.6140000000    792
      440.1080000000       516.1460000000        64.1650000000    793
      440.3220000000       392.0860000000        20.5380000000    794
      441.3790000000       376.4550000000        32.5400000000    795
      442.6840000000       452.9240000000        15.0280000000    796
      442.5120000000       490.0360000000        63.0480000000    797
      442.5930000000       597.5540000000       122.8860000000    798
      443.3160000000       428.2840000000        64.9070000000    799
      443.3100000000       599.2770000000        88.5620000000    800
      443.4510000000       329.1810000000        22.7920000000    801
      443.9740000000       226.2240000000        12.1750000000    802
      443.8760000000       606.3270000000       113.8220000000    803
      444.0320000000       612.1790000000       112.5730000000    804
      445.2930000000       586.6200000000        71.9290000000    805
      445.9320000000       405.0430000000        20.2220000000    806
      445.5180000000       550.2470000000        94.6670000000    807
      446.1630000000       389.7270000000        19.2540000000    808
      446.3960000000       424.5490000000        18.6220000000    809
      447.1160000000       377.1150000000        16.1660000000    810
      447.4420000000       462.2190000000        83.8350000000    811
      447.7990000000       603.5690000000       102.5530000000    812
      448.9460000000       443.5190000000        19.7130000000    813
      449.7960000000       303.7690000000        12.7480000000    814
      450.5490000000       345.4550000000        64.4840000000    815
      450.1280000000       448.1400000000        62.8080000000    816
      450.3680000000       526.8190000000        32.7650000000    817
      450.3250000000       531.5410000000        34.2010000000    818
      450.4340000000       558.5290000000        48.4080000000    819
      451.0970000000       384.9120000000        51.2920000000    820
      451.4680000000       431.1590000000        17.0820000000    821
      451.2910000000       532.2930000000        41.4840000000    822
      451.7860000000       527.4520000000        65.3380000000    823
      451.6970000000       589.8860000000        72.4330000000    824
      452.6040000000       330.4660000000        24.0840000000    825
      452.2980000000       521.8620000000        85.3400000000    826
      453.1800000000       200.0270000000         6.0150000000    827
      454.2320000000       343.1810000000        24.1290000000    828
      454.1540000000       497.0700000000        39.4560000000    829
      454.3830000000       168.1860000000         9.6760000000    830
      454.4770000000       367.8380000000         8.3590000000    831
      455.2000000000       385.3480000000        11.8690000000    832
      455.4390000000        73.4020000000         5.8930000000    833
      455.6290000000       572.1070000000       105.4630000000    834
      456.3460000000       324.6770000000        22.8210000000    835
      456.3980000000       498.1360000000        29.7530000000    836
      456.5820000000       586.8970000000        82.7840000000    837
      456.8940000000       609.3570000000       131.6310000000    838
      457.3330000000       644.9910000000        90.8650000000    839
      457.6720000000       529.5510000000        65.3820000000    840
      458.2020000000       594.5960000000        61.4770000000    841
      458.7770000000       369.3960000000         8.0840000000    842
      459.2820000000       510.2870000000        91.6160000000    843
      459.0180000000       517.8480000000        35.4620000000    844
      459.1750000000       555.2170000000        68.8440000000    845
      459.0230000000       578.3660000000        54.0630000000    846
      459.9580000000       302.4660000000        15.2430000000    847
      460.0630000000       369.0840000000        50.4640000000    848
      460.8990000000       624.0880000000       131.2450000000    849
      461.2100000000       547.7420000000        53.5130000000    850
      461.2140000000       577.8180000000        75.1340000000    851
      462.3490000000       473.0780000000        24.6760000000    852
      462.1930000000       617.1880000000       102.4830000000    853
      462.6100000000       231.6420000000         9.5420000000    854
      462.7720000000       501.5600000000        49.3970000000    855
      463.3520000000       411.2750000000        63.8380000000    856
      463.9310000000       260.1960000000        17.9070000000    857
      464.1140000000       275.6210000000        16.1800000000    858
      464.2120000000       472.9360000000        57.5900000000    859
      464.3150000000       568.1320000000        63.8040000000    860
      464.8180000000       309.4380000000        20.0630000000    861
      464.7000000000       577.6040000000       114.3270000000    862
      465.3970000000       347.2460000000        41.0580000000    863
      465.6130000000       387.3880000000        64.0590000000    864
      465.6200000000       594.0930000000       101.5080000000    865
      466.0450000000       518.6150000000        52.3750000000    866
      466.0750000000       586.5830000000       116.4410000000    867
      465.8050000000       601.9220000000        93.0050000000    868
      466.6700000000       440.7810000000        66.8890000000    869
      467.4680000000       328.7800000000        21.3710000000    870
      468.0810000000       569.0130000000        96.2160000000    871
      469.2260000000       230.8960000000        10.2230000000    872
      468.9180000000       591.5540000000        90.7190000000    873
      469.9620000000       254.9980000000        17.5360000000    874
      470.2840000000       537.4150000000        40.0560000000    875
      470.2780000000       556.0070000000        97.9000000000    876
      471.0800000000       565.2130000000        74.6290000000    877
      471.5570000000       271.8490000000        33.5120000000    878
      471.7010000000       470.4370000000        27.5720000000    879
      471.7010000000       529.7630000000        58.4740000000    880
      472.9540000000       128.9820000000        47.4460000000    881
      473.0180000000       481.6010000000        38.6210000000    882
      473.4330000000        83.5920000000        14.4030000000    883
      473.3210000000       488.2380000000        29.0800000000    884
      473.1660000000       529.0890000000        94.4400000000    885
      474.0020000000       133.4820000000        45.3720000000    886
      473.9180000000       346.1620000000        10.3750000000    887
      473.7420000000       593.6500000000        63.9150000000    888
      473.7380000000       598.6090000000       125.7320000000    889
      474.3270000000       310.0810000000         7.1490000000    890
      474.3030000000       540.3540000000        70.8300000000    891
      474.6750000000       257.0760000000        16.9900000000    892
      474.8860000000       397.6290000000        12.0440000000    893
      474.7960000000       507.6110000000        56.7990000000    894
      475.0600000000       627.9750000000        89.1710000000    895
      475.4430000000       262.7040000000        38.4740000000    896
      475.6350000000       521.8890000000        51.0020000000    897
      476.3890000000       368.5070000000        55.2460000000    898
      476.9240000000       591.9110000000        85.5680000000    899
      477.7100000000       491.0990000000        33.3600000000    900
      478.0950000000       289.7410000000        14.4980000000    901
      477.9480000000       349.2900000000        10.6780000000    902
      478.3300000000       234.0890000000         9.9100000000    903
      478.3560000000       238.1870000000        16.8620000000    904
      478.2600000000       575.2860000000        71.2070000000    905
      479.3950000000       311.9930000000         7.0940000000    906
      480.6750000000       538.6680000000        91.2250000000    907
      481.0470000000       277.2640000000        27.2710000000    908
      481.3800000000       306.4630000000        42.4890000000    909
      482.1270000000       252.8700000000        42.2160000000    910
      481.9670000000       478.3050000000        33.8500000000    911
      482.4290000000       523.7070000000        90.7140000000    912
      483.1640000000       159.6160000000        12.1080000000    913
      483.2450000000       402.8960000000        13.6020000000    914
      483.8600000000       493.7720000000        63.6390000000    915
      484.1710000000       211.5460000000        13.1110000000    916
      484.0760000000       514.7270000000        43.8530000000    917
      484.9550000000       244.6130000000        35.0490000000    918
      484.8120000000       579.3550000000        95.5690000000    919
      485.1110000000       284.3050000000         7.4810000000    920
      485.2130000000       559.9240000000       105.0590000000    921
      485.3180000000       564.8590000000        83.0890000000    922
      485.7620000000       164.0140000000        12.8470000000    923
      486.3640000000       486.8110000000        81.1770000000    924
      486.4500000000       538.5390000000        65.9130000000    925
      486.9430000000       526.7670000000        93.5400000000    926
      487.5860000000       263.1820000000        19.7150000000    927
      487.2680000000       503.1590000000        83.3750000000    928
      488.0490000000       597.8090000000        90.7480000000    929
      488.1660000000       224.2590000000        15.5620000000    930
      488.3500000000       287.6280000000        48.3770000000    931
      488.1520000000       342.5060000000         8.8990000000    932
      488.6380000000       483.8510000000        50.0460000000    933
      488.4520000000       575.1920000000       112.7750000000    934
      488.7030000000       385.9310000000        11.6730000000    935
      489.2760000000       238.3790000000        35.3120000000    936
      489.3370000000       294.5880000000        14.3210000000    937
      489.6970000000       330.6230000000         9.0090000000    938
      490.0640000000       363.2580000000        11.8650000000    939
      490.2640000000       239.2560000000         4.0720000000    940
      490.7220000000       442.5530000000        22.6820000000    941
      490.4760000000       592.3260000000       110.8560000000    942
      491.3420000000       208.9090000000        28.2570000000    943
      491.4580000000       325.0880000000        59.9450000000    944
      492.5190000000       227.1510000000        25.7290000000    945
      493.1460000000       256.6780000000         6.6630000000    946
      493.2990000000       563.5260000000        87.5730000000    947
      493.5670000000       278.5160000000         7.1980000000    948
      493.6220000000       481.7990000000        48.4080000000    949
      493.5580000000       540.9420000000        56.0370000000    950
      494.0070000000       497.3320000000        54.6020000000    951
      494.8710000000       441.4610000000        52.0920000000    952
      494.6380000000       443.5580000000        70.8070000000    953
      494.5120000000       532.8710000000        77.4260000000    954
      494.9480000000       188.9180000000        11.2340000000    955
      496.9750000000       492.0840000000        80.5970000000    956
      497.1640000000       474.9100000000        82.0020000000    957
      497.3370000000       515.1880000000        85.6360000000    958
      497.7660000000       426.0820000000        71.6490000000    959
      497.6940000000       528.4410000000        67.6460000000    960
      498.4010000000       369.3000000000        60.1770000000    961
      499.1620000000       205.9570000000        12.2470000000    962
      499.1820000000       357.2780000000        37.9990000000    963
      500.9750000000       338.9270000000        64.0050000000    964
      501.4600000000       161.3390000000        18.6130000000    965
      501.3060000000       530.9580000000        41.5270000000    966
      502.3180000000       216.6440000000        37.2030000000    967
      502.5100000000       315.7620000000         6.9150000000    968
      502.6150000000       337.0860000000        46.0860000000    969
      502.9530000000       536.0830000000        95.7280000000    970
      502.8960000000       559.0530000000        81.3920000000    971
      503.3130000000       338.6100000000        31.1800000000    972
      504.0590000000       282.7670000000        54.2390000000    973
      504.6110000000       456.2440000000        73.6950000000    974
      504.4800000000       521.2390000000        87.5000000000    975
      504.5320000000       560.4440000000       108.6080000000    976
      505.0830000000       153.1010000000        18.8690000000    977
      504.9910000000       321.4640000000        51.4710000000    978
      504.8430000000       536.7120000000        70.9740000000    979
      505.5480000000       268.7710000000        34.5840000000    980
      505.5970000000       340.5500000000        44.3580000000    981
      505.4180000000       504.5550000000        87.7490000000    982
      506.2950000000       389.3060000000        17.9680000000    983
      506.0750000000       540.3490000000        82.2730000000    984
      506.6500000000       292.6780000000        32.7860000000    985
      506.6400000000       479.3310000000        33.5490000000    986
      507.1180000000       410.2410000000        46.9130000000    987
      507.1730000000       419.7240000000        31.4550000000    988
      507.7800000000       487.0770000000        41.5390000000    989
      508.2880000000       211.1540000000        12.0050000000    990
      508.5740000000       188.3610000000        25.2900000000    991
      509.1300000000       429.3380000000        66.8250000000    992
      509.6450000000       206.6170000000        10.1130000000    993
      509.7420000000       240.0440000000        45.6480000000    994
      510.4610000000       291.0880000000         5.1830000000    995
      510.7500000000       386.5230000000        17.9330000000    996
      511.0920000000       406.7330000000        38.1540000000    997
      511.1120000000       426.0490000000        23.4170000000    998
      511.8280000000        55.9230000000         4.2160000000    999
      511.6300000000       433.6370000000        30.5350000000   1000
      513.0540000000       467.2260000000        41.5110000000   1001
      513.1760000000       144.9040000000        19.4750000000   1002
      513.4260000000       183.6230000000        12.1920000000   1003
      513.2300000000       352.8390000000        28.0400000000   1004
      513.6220000000       397.3670000000        37.6420000000   1005
      513.9440000000        90.0720000000        14.4640000000   1006
      514.1240000000       511.8710000000        95.0000000000   1007
      514.3830000000       206.7070000000         3.5000000000   1008
      514.4360000000       265.0410000000        57.7550000000   1009
      514.5110000000       477.2200000000        83.6240000000   1010
      515.4280000000       358.1520000000        37.0330000000   1011
      515.9000000000       313.5060000000        34.5270000000   1012
      515.8440000000       462.3650000000        45.6720000000   1013
      517.1580000000       352.2310000000        13.3780000000   1014
      516.8540000000       498.9190000000        72.7400000000   1015
      517.3220000000       394.6040000000        24.0110000000   1016
      517.9680000000       129.1520000000         9.6450000000   1017
      518.1180000000       199.6430000000         2.6160000000   1018
      518.0730000000       479.5070000000        70.2810000000   1019
      518.5610000000       151.2610000000         2.5250000000   1020
      518.6430000000       269.8900000000         5.3180000000   1021
      518.5850000000       431.5200000000        43.3360000000   1022
      518.4570000000       467.9190000000        79.8380000000   1023
      518.6170000000       516.9750000000        87.9820000000   1024
      518.7300000000       521.4530000000        61.1900000000   1025
      519.0320000000       531.1740000000       100.2910000000   1026
      519.4310000000       453.4780000000        37.6670000000   1027
      519.6950000000       503.5790000000        81.1730000000   1028
      520.1830000000       249.4450000000        28.5130000000   1029
      520.7540000000       356.7720000000        37.3580000000   1030
      520.7650000000       480.6910000000        54.0890000000   1031
      521.7770000000       147.3850000000        13.1880000000   1032
      521.5410000000       204.9540000000         7.5490000000   1033
      521.6210000000       293.0740000000        24.9840000000   1034
      522.1880000000        69.9390000000         8.1890000000   1035
      522.2470000000       264.7990000000         4.4890000000   1036
      522.2260000000       522.8360000000        85.5080000000   1037
      522.5920000000       406.0110000000        31.6500000000   1038
      523.7130000000       284.7300000000        39.0400000000   1039
      523.9840000000       417.2270000000        33.1300000000   1040
      523.9160000000       528.3920000000        73.9420000000   1041
      524.1470000000        99.2690000000        13.4080000000   1042
      524.3770000000       151.2300000000         2.5570000000   1043
      524.8440000000       383.9570000000        70.6930000000   1044
      524.7170000000       519.8640000000        53.0230000000   1045
      525.3070000000       365.9600000000        31.0130000000   1046
      525.5240000000       473.6060000000        80.1890000000   1047
      525.7260000000       381.1510000000        15.9920000000   1048
      525.6710000000       565.8150000000        90.4190000000   1049
      526.5640000000       427.6430000000        74.6320000000   1050
      527.1070000000       409.6820000000        57.0830000000   1051
      527.5300000000       115.8390000000        12.7050000000   1052
      527.9830000000       367.0070000000        72.1870000000   1053
      529.3240000000       401.6470000000        59.4540000000   1054
      529.6190000000       494.9000000000        87.0540000000   1055
      530.2180000000       504.7510000000        84.4760000000   1056
      530.6620000000       217.3350000000        48.4550000000   1057
      531.2400000000       554.0260000000       109.9520000000   1058
      531.5700000000       539.1410000000        94.8860000000   1059
      532.8150000000       227.1270000000        53.2790000000   1060
      532.9490000000       281.7090000000        25.9020000000   1061
      533.2000000000       359.0620000000        37.7770000000   1062
      533.1730000000       463.6950000000        48.5890000000   1063
      533.4700000000       407.0620000000        20.8780000000   1064
      533.7810000000       465.9810000000        78.3970000000   1065
      534.8180000000       281.0500000000        13.3770000000   1066
      534.5970000000       374.7410000000        23.4110000000   1067
      534.5610000000       438.8950000000        81.2100000000   1068
      535.3550000000       141.0200000000        25.7190000000   1069
      535.4340000000       495.5170000000        67.9820000000   1070
      535.1640000000       501.5280000000        89.3900000000   1071
      535.9010000000       195.6330000000        48.9580000000   1072
      536.5090000000       308.7220000000        23.9180000000   1073
      536.1290000000       417.1480000000        64.9900000000   1074
      536.3970000000       430.2290000000        75.6330000000   1075
      536.5340000000       444.6300000000        40.8460000000   1076
      536.3460000000       473.6000000000        60.9140000000   1077
      537.6050000000       205.4770000000        36.5190000000   1078
      537.2570000000       335.2280000000         9.4080000000   1079
      538.3330000000       488.0590000000        62.3260000000   1080
      538.8990000000       168.7540000000        31.3230000000   1081
      539.1680000000       242.5310000000        36.6330000000   1082
      538.8920000000       399.5410000000        48.4820000000   1083
      539.0460000000       487.6870000000        86.6550000000   1084
      539.4250000000       353.7170000000        27.0590000000   1085
      539.5310000000       516.1810000000        80.6640000000   1086
      540.4930000000       473.4830000000        81.3110000000   1087
      540.9120000000       127.7040000000         5.9710000000   1088
      542.3030000000        93.5930000000         7.1510000000   1089
      541.9940000000       392.4640000000        77.7430000000   1090
      542.2300000000       467.9330000000        58.3780000000   1091
      542.8120000000       223.4920000000         7.1180000000   1092
      542.5380000000       308.3590000000        55.2810000000   1093
      542.8100000000       455.5890000000        31.5360000000   1094
      543.6950000000       193.4370000000        39.1150000000   1095
      543.9380000000       190.7870000000        48.5900000000   1096
      544.5960000000        65.6310000000        27.7050000000   1097
      544.8670000000       255.3180000000        29.5290000000   1098
      544.6360000000       414.4470000000        72.1260000000   1099
      545.1880000000       369.9900000000        71.4430000000   1100
      545.0430000000       490.7100000000        76.0250000000   1101
      545.6480000000       507.0330000000        74.4300000000   1102
      546.8400000000       413.2280000000        45.6320000000   1103
      547.2110000000       491.9800000000        64.1870000000   1104
      547.9730000000       250.9000000000        28.5400000000   1105
      547.6790000000       467.0760000000        72.1770000000   1106
      548.1490000000       418.5820000000        79.6310000000   1107
      548.0690000000       450.3970000000        51.6850000000   1108
      548.6610000000       510.9170000000        77.0840000000   1109
      549.3560000000       209.1270000000        29.5190000000   1110
      549.9010000000       177.5010000000        41.3940000000   1111
      550.1010000000       274.7060000000        60.7980000000   1112
      549.8220000000       448.7350000000        59.0080000000   1113
      550.4730000000       414.5490000000        63.7660000000   1114
      550.2460000000       503.3100000000        78.2970000000   1115
      550.8280000000       195.8930000000         3.7710000000   1116
      550.7280000000       321.9820000000        67.2650000000   1117
      551.0990000000       346.5970000000        47.1600000000   1118
      550.7290000000       365.6480000000        66.1440000000   1119
      551.2840000000       237.2620000000        19.9360000000   1120
      552.1540000000       482.3960000000        87.8360000000   1121
      552.9970000000       300.0790000000        35.7930000000   1122
      553.9080000000       192.5530000000         3.3160000000   1123
      553.9510000000       232.4040000000         3.1440000000   1124
      553.9690000000       332.0000000000        30.5620000000   1125
      554.7590000000       234.1930000000        11.4660000000   1126
      555.3070000000       260.5120000000        10.7750000000   1127
      555.7590000000       239.9780000000        12.0070000000   1128
      555.6650000000       387.4480000000        73.3890000000   1129
      555.3790000000       463.9680000000        87.4320000000   1130
      556.6950000000       281.6390000000        27.9460000000   1131
      556.5790000000       333.5710000000        63.8940000000   1132
      556.5560000000       447.9170000000        78.1230000000   1133
      557.2570000000       421.8870000000        52.3770000000   1134
      557.8370000000       196.0490000000         7.9530000000   1135
      557.8670000000       369.1590000000        68.1850000000   1136
      558.2750000000       299.6420000000        63.3090000000   1137
      558.2970000000       316.4780000000        21.4370000000   1138
      558.1680000000       356.6180000000        65.7170000000   1139
      559.3050000000       182.2460000000        37.4480000000   1140
      559.4720000000       314.5190000000        36.4300000000   1141
      559.9200000000        94.2020000000         6.3210000000   1142
      560.1410000000       424.8470000000        71.7970000000   1143
      560.4410000000       452.2490000000        53.9740000000   1144
      560.8910000000       261.2790000000        10.3490000000   1145
      561.2350000000       222.9310000000        12.3350000000   1146
      561.1430000000       290.9070000000         8.7480000000   1147
      561.3100000000       406.7050000000        71.7470000000   1148
      561.2860000000       435.0910000000        57.8300000000   1149
      562.2070000000       456.0290000000        78.9300000000   1150
      562.2840000000       504.3900000000        44.5190000000   1151
      562.6330000000       109.4780000000         5.3730000000   1152
      562.9130000000       119.0140000000         5.1530000000   1153
      562.6690000000       319.4190000000        64.1420000000   1154
      562.6940000000       401.9230000000        79.5880000000   1155
      563.3270000000       200.3540000000         7.3680000000   1156
      563.2890000000       466.0620000000        83.4960000000   1157
      564.1190000000       173.3320000000         9.7380000000   1158
      563.7020000000       193.1850000000        25.3910000000   1159
      563.9990000000       367.8300000000        71.4080000000   1160
      564.5160000000       153.6150000000         7.2900000000   1161
      565.5880000000       267.5000000000        18.2100000000   1162
      566.0980000000       213.3700000000         5.4110000000   1163
      566.1540000000       256.0830000000        21.0920000000   1164
      565.9940000000       377.4060000000        44.2250000000   1165
      565.7720000000       384.1930000000        73.4090000000   1166
      566.1000000000       462.7260000000        72.5080000000   1167
      566.3330000000       289.0950000000         8.9680000000   1168
      566.7660000000       367.7290000000        40.0720000000   1169
      567.2900000000       408.2880000000        82.2700000000   1170
      567.0490000000       426.5130000000        33.8160000000   1171
      568.1460000000       321.6190000000        47.3820000000   1172
      568.2150000000       440.8110000000        70.1000000000   1173
      568.6460000000       359.2260000000        32.8210000000   1174
      570.4130000000       169.0460000000        15.6130000000   1175
      570.1210000000       365.2450000000        49.6370000000   1176
      570.2660000000       371.5010000000        50.8060000000   1177
      571.0760000000       107.0580000000        26.7980000000   1178
      571.2820000000       272.3980000000        54.9420000000   1179
      572.0020000000       143.7310000000         5.2140000000   1180
      572.4270000000       183.0050000000        44.3240000000   1181
      572.1460000000       357.1960000000        51.4440000000   1182
      572.4010000000       433.3190000000        57.3050000000   1183
      572.9890000000       262.8200000000        62.2830000000   1184
      572.7320000000       285.1350000000         9.6120000000   1185
      573.3520000000       192.9780000000        51.2590000000   1186
      573.3970000000       279.7910000000        27.1370000000   1187
      574.5060000000        61.2020000000        37.4420000000   1188
      574.3660000000       446.5330000000        76.6150000000   1189
      574.7190000000       108.9510000000         7.6050000000   1190
      574.9780000000       320.6710000000        64.0680000000   1191
      575.1370000000       101.8120000000         6.5090000000   1192
      575.8270000000       217.4350000000        13.3710000000   1193
      575.7150000000       349.4060000000        35.8570000000   1194
      577.5960000000       381.0450000000        79.0870000000   1195
      578.0320000000       396.5910000000        55.7440000000   1196
      579.5950000000       360.7760000000        75.1240000000   1197
      580.1710000000       418.7520000000        72.4970000000   1198
      580.6420000000        64.8070000000        27.6490000000   1199
      580.7450000000       172.1700000000        14.0140000000   1200
      581.2850000000       367.0400000000        64.1400000000   1201
      581.2940000000       389.8870000000        28.0010000000   1202
      581.5640000000        94.6480000000        12.4110000000   1203
      581.5620000000       292.8020000000        64.4120000000   1204
      582.3520000000       369.2350000000        51.7400000000   1205
      583.2810000000       273.6620000000        31.4910000000   1206
      583.2870000000       332.2170000000        52.4710000000   1207
      583.7210000000       301.4340000000        68.7550000000   1208
      584.4160000000       287.5340000000        12.3070000000   1209
      584.2720000000       313.9420000000        41.8710000000   1210
      584.5060000000       327.3650000000        72.1100000000   1211
      584.3010000000       333.3460000000        71.6660000000   1212
      584.3100000000       371.6140000000        65.3740000000   1213
      584.0140000000       412.4420000000        52.0640000000   1214
      584.5440000000       394.0910000000        82.6420000000   1215
      585.0730000000       384.2320000000        83.9630000000   1216
      585.3630000000       387.3400000000        60.9200000000   1217
      585.1970000000       393.9990000000        49.4150000000   1218
      585.6340000000       217.2660000000        36.0340000000   1219
      585.9890000000       411.6030000000        68.8510000000   1220
      587.0540000000       357.8040000000        70.1790000000   1221
      587.8320000000       343.9840000000        50.8970000000   1222
      588.4300000000       231.6720000000         7.7660000000   1223
      588.8260000000       287.6260000000        13.4890000000   1224
      589.2190000000       280.8670000000        13.4230000000   1225
      590.0780000000       216.4290000000        35.7460000000   1226
      590.1170000000       423.8810000000        92.0130000000   1227
      590.4230000000        63.3550000000        12.4760000000   1228
      591.1810000000       230.6420000000        34.7740000000   1229
      591.5680000000       143.9430000000         6.7510000000   1230
      592.1910000000       330.1710000000        44.7860000000   1231
      592.8520000000       286.3020000000        55.3430000000   1232
      593.3050000000       308.4400000000        17.3960000000   1233
      593.8900000000       380.1540000000        69.8520000000   1234
      594.8820000000       359.2010000000        51.7250000000   1235
      595.3280000000       285.3000000000        42.2590000000   1236
      595.2580000000       308.4550000000        41.3220000000   1237
      595.1730000000       367.0940000000        72.2740000000   1238
      595.6900000000       102.7950000000        19.8930000000   1239
      596.3960000000       245.4530000000        51.9470000000   1240
      596.3410000000       287.8300000000        48.7990000000   1241
      596.0830000000       398.3970000000        90.0080000000   1242
      597.0950000000       232.4630000000        50.4020000000   1243
      597.5100000000       354.0270000000        66.7680000000   1244
      597.7270000000       253.5440000000        48.7250000000   1245
      597.7490000000       285.1690000000        33.7930000000   1246
      598.0000000000       320.8150000000        56.0010000000   1247
      598.1430000000       232.7600000000        18.2340000000   1248
      598.1850000000       258.7610000000        60.8320000000   1249
      599.2680000000       381.6760000000        71.6120000000   1250
      599.9710000000       293.4780000000        34.0180000000   1251
      600.1540000000       369.5670000000        57.3210000000   1252
      601.0690000000       292.0080000000        63.9170000000   1253
      600.9820000000       374.9390000000        60.4770000000   1254
      602.7140000000       274.4330000000        52.5510000000   1255
      603.5520000000       289.4650000000        49.4400000000   1256
      605.0350000000       318.9130000000        67.7680000000   1257
      605.7250000000        72.6210000000         7.8350000000   1258
      605.5410000000       313.0410000000        52.4190000000   1259
      607.6080000000       323.5350000000        45.6300000000   1260
      608.7500000000       347.3000000000        71.9650000000   1261
      611.1650000000       366.8900000000        55.0830000000   1262
      612.1920000000       282.0250000000        69.7020000000   1263
      612.3710000000       333.9900000000        74.5460000000   1264
      613.0750000000       270.7460000000        46.0160000000   1265
      614.4750000000       271.6480000000        68.5030000000   1266
      616.1330000000        89.4060000000         7.9480000000   1267
      616.0990000000       265.5770000000        58.6370000000   1268
      617.0610000000       346.0240000000        61.1930000000   1269
      618.0400000000       321.2830000000        60.9610000000   1270
      619.6940000000       330.0240000000        54.9760000000   1271
      623.4950000000       300.1950000000        65.2750000000   1272
      623.4820000000       305.7140000000        55.7150000000   1273
      623.7790000000       308.6090000000        70.5170000000   1274
      626.0830000000       310.0650000000        64.6780000000   1275
      159.4090000000       421.7930000000        49.1890000000   1276
      174.8400000000       441.6690000000        66.4250000000   1277
      187.5420000000       559.7820000000        82.9150000000   1278
      195.8050000000       288.3310000000        39.8440000000   1279
      209.3750000000       233.3900000000        41.3810000000   1280
      209.2080000000       516.9440000000        69.3590000000   1281
      209.5210000000       517.9870000000        68.6300000000   1282
      211.0820000000       535.9820000000        89.1470000000   1283
      244.4900000000       130.0920000000         9.8130000000   1284
      258.0880000000       578.9170000000        68.9370000000   1285
      278.2760000000       637.6080000000        75.1770000000   1286
      286.9710000000       440.2650000000        15.6920000000   1287
      296.4110000000        29.4590000000         4.1780000000   1288
      413.0380000000       619.2440000000       129.0870000000   1289
      416.4590000000       453.2860000000        54.0050000000   1290
      454.6320000000       588.3040000000        96.6100000000   1291
      485.9070000000       182.4930000000         3.3550000000   1292
      519.5220000000       507.8810000000        61.4510000000   1293
      520.1960000000        55.7180000000        12.6110000000   1294
      535.4670000000       104.6420000000         2.7460000000   1295
      537.6270000000       163.2710000000         4.9620000000   1296
      542.7490000000       459.3900000000        62.8290000000   1297
      557.6700000000       427.5290000000        64.1140000000   1298
      558.3160000000       225.0860000000        21.8040000000   1299
      582.5160000000       177.6200000000         4.9530000000   1300
      590.2120000000       334.9580000000        53.9170000000   1301
      199.9630000000        65.3900000000         5.9500000000   1302
      194.3750000000       174.0580000000        33.9500000000   1303
      187.7980000000       179.3450000000        32.5500000000   1304
      179.7970000000       181.5940000000        29.0500000000   1305
      169.8820000000       188.3230000000        40.9500000000   1306
      175.2410000000       171.9240000000        32.5500000000   1307
      182.2880000000       169.5580000000         4.5500000000   1308
