       50.2620000000       199.8040000000        14.8720000000      0
       57.3210000000       199.4320000000        16.2860000000      1
       70.9440000000       215.6680000000        15.1700000000      2
       73.4040000000       227.1890000000        29.7470000000      3
       79.8420000000       194.7640000000        26.2880000000      4
       82.5470000000       314.1450000000        16.8940000000      5
       85.9570000000       260.7220000000        18.8330000000      6
       86.6820000000       184.2040000000        39.6080000000      7
       95.0000000000       156.7160000000         8.2660000000      8
       97.6940000000       259.3570000000        26.6730000000      9
      101.3990000000       172.0020000000        23.9320000000     10
      101.2080000000       364.6900000000        15.9680000000     11
      103.3700000000       225.3100000000        21.6740000000     12
      107.0240000000       161.7130000000        20.1680000000     13
      107.9810000000       267.3860000000        17.9130000000     14
      108.1660000000       298.9790000000        18.2920000000     15
      109.4300000000       198.3790000000        27.6920000000     16
      113.9790000000       177.0140000000        33.6380000000     17
      113.8250000000       259.2740000000        27.3960000000     18
      114.4170000000       272.7690000000        19.3390000000     19
      115.7680000000       191.3950000000        11.6680000000     20
      116.4760000000       297.6030000000        15.5670000000     21
      119.0350000000       330.6010000000        20.7210000000     22
      120.2140000000       188.5280000000        11.1000000000     23
      120.7190000000       335.6890000000        20.2430000000     24
      124.2750000000       268.0030000000        15.8900000000     25
      124.5390000000       274.2040000000        24.3350000000     26
      124.5880000000       305.2560000000        21.3980000000     27
      125.2390000000       238.9050000000        21.6770000000     28
      127.2430000000       197.5410000000        24.8060000000     29
      130.8390000000       270.8690000000        16.6690000000     30
      131.5440000000       232.3520000000        12.0710000000     31
      134.1310000000       203.9390000000        42.8150000000     32
      135.5370000000       315.3850000000        18.3790000000     33
      137.9310000000       243.6570000000        37.4340000000     34
      138.4560000000       347.0090000000        15.9730000000     35
      139.3530000000       448.5560000000        73.9300000000     36
      140.8970000000       202.8800000000        40.2990000000     37
      145.2150000000       232.9000000000        47.8690000000     38
      146.1020000000       156.7170000000        17.2760000000     39
      146.2510000000       319.1840000000        15.0760000000     40
      146.6100000000       211.1640000000        37.2640000000     41
      147.6080000000       352.6620000000         5.8800000000     42
      147.4420000000       421.8790000000        53.1230000000     43
      148.0420000000       174.6730000000        10.4380000000     44
      148.3900000000       483.8390000000        84.7630000000     45
      149.1950000000       230.4880000000        26.7110000000     46
      149.6630000000       322.1600000000        13.6050000000     47
      150.7900000000       161.7190000000        18.1700000000     48
      150.8790000000       216.9630000000        34.9150000000     49
      150.8910000000       258.1170000000         9.5430000000     50
      150.9150000000       446.3820000000        23.6660000000     51
      151.7240000000        83.2390000000         4.9340000000     52
      153.8430000000       289.9070000000        11.6710000000     53
      154.5720000000       283.9930000000        10.6910000000     54
      155.1200000000       395.1950000000        55.9690000000     55
      157.2270000000       215.8100000000        33.2390000000     56
      157.2830000000       232.6870000000        21.9280000000     57
      159.5890000000       441.2840000000        78.8660000000     58
      160.7300000000       331.1940000000        25.9790000000     59
      161.8370000000       443.0370000000        68.4960000000     60
      162.7370000000       235.9220000000        34.4120000000     61
      165.2000000000       440.6180000000        74.1340000000     62
      166.6940000000       476.5280000000        67.8060000000     63
      168.7490000000       383.3200000000        37.2710000000     64
      168.4200000000       450.4100000000        79.6640000000     65
      169.0940000000       294.8720000000        11.2320000000     66
      169.1440000000       456.0040000000        78.7040000000     67
      170.0560000000       358.3850000000        52.0610000000     68
      170.0470000000       518.3750000000        95.1130000000     69
      171.7740000000       299.4540000000         9.7630000000     70
      171.4290000000       439.8480000000        60.2760000000     71
      172.0810000000       310.9650000000        35.2650000000     72
      172.3690000000       422.9440000000        68.8380000000     73
      172.3620000000       425.8940000000        12.9060000000     74
      174.2200000000       234.1390000000        24.0550000000     75
      175.9370000000       249.8040000000        23.6330000000     76
      175.6940000000       364.5720000000        15.8660000000     77
      175.7150000000       482.7600000000        80.3440000000     78
      176.2020000000       318.3070000000        32.5870000000     79
      176.9150000000        80.6660000000         5.9200000000     80
      177.0150000000       431.3390000000        78.5590000000     81
      178.3920000000       377.7110000000        19.2500000000     82
      179.6930000000       384.9070000000        54.9970000000     83
      180.0240000000       316.9010000000        48.0630000000     84
      180.3770000000       332.1430000000        10.5700000000     85
      181.2280000000        84.0190000000         5.7330000000     86
      181.0830000000       341.7080000000        14.8950000000     87
      181.1810000000       445.2120000000        59.2640000000     88
      181.6490000000       468.3380000000        67.7100000000     89
      182.2750000000       404.9710000000        53.2570000000     90
      183.2610000000       455.3550000000        72.1670000000     91
      183.6890000000       431.9390000000        67.1700000000     92
      184.3390000000       391.1180000000        60.7960000000     93
      184.5740000000       441.4340000000        60.6980000000     94
      185.3370000000       440.0830000000        73.7300000000     95
      185.5000000000       253.8520000000        13.8330000000     96
      186.4020000000       493.2260000000        86.7520000000     97
      187.7020000000       456.1710000000        76.6010000000     98
      187.7270000000       479.0090000000        69.0440000000     99
      188.5830000000       374.7530000000        18.3020000000    100
      188.7640000000       324.2520000000        49.2580000000    101
      189.4020000000       303.0550000000        38.7220000000    102
      189.9130000000       353.4790000000        14.0930000000    103
      189.7590000000       361.3670000000        15.2700000000    104
      189.7770000000       421.5050000000        42.1010000000    105
      191.0260000000       490.8250000000        78.1680000000    106
      193.5290000000       400.9670000000        62.3950000000    107
      193.7350000000       458.3380000000        57.2170000000    108
      193.6750000000       485.0240000000        54.3670000000    109
      193.4520000000       511.2150000000        80.3540000000    110
      194.3550000000       506.9510000000        78.1340000000    111
      195.5870000000       494.4880000000        75.3990000000    112
      196.2700000000       428.4230000000        73.6860000000    113
      196.0240000000       458.7160000000        46.5500000000    114
      196.6970000000       469.3690000000        61.4690000000    115
      197.0350000000       429.1120000000        41.8640000000    116
      197.9600000000       333.9190000000        12.0310000000    117
      197.5730000000       340.8420000000        60.9530000000    118
      197.8980000000       445.1910000000        72.8950000000    119
      199.1220000000       286.5800000000        11.9960000000    120
      200.0070000000       362.4190000000        41.1260000000    121
      199.7100000000       366.8380000000        65.7050000000    122
      200.4590000000       362.2170000000        66.0650000000    123
      200.7640000000       468.3350000000        73.9770000000    124
      201.5410000000       478.0600000000        51.3050000000    125
      203.8390000000       318.9950000000         7.8420000000    126
      204.6560000000       332.1370000000        49.8980000000    127
      204.9340000000       237.8390000000        17.4350000000    128
      204.8990000000       273.5290000000        20.9010000000    129
      205.0260000000       296.8230000000         5.9990000000    130
      204.9690000000       494.3570000000        59.2310000000    131
      205.0180000000       551.7340000000        78.0740000000    132
      205.7400000000       451.2880000000        33.4360000000    133
      206.3770000000       442.2950000000        15.2020000000    134
      206.8760000000       465.3560000000        56.4010000000    135
      207.4450000000       389.7110000000        23.7360000000    136
      208.7160000000       553.3710000000        95.8420000000    137
      209.1540000000       243.8590000000        18.0530000000    138
      209.1110000000       477.9210000000        58.4030000000    139
      209.7550000000       403.6160000000        12.6700000000    140
      209.9690000000       452.6210000000        31.2880000000    141
      211.2990000000       435.1400000000        73.6020000000    142
      211.1210000000       470.7760000000        60.9480000000    143
      211.8660000000       309.1370000000        33.9570000000    144
      211.7270000000       475.4030000000        47.9070000000    145
      212.4540000000       470.5550000000        79.5510000000    146
      213.5670000000       289.8980000000        32.7330000000    147
      213.4250000000       450.4840000000        66.8080000000    148
      214.3060000000       357.2750000000        65.3750000000    149
      216.0220000000       462.9450000000        77.0590000000    150
      216.0490000000       506.4330000000        87.9290000000    151
      216.5000000000       459.9210000000        43.6480000000    152
      217.7330000000       486.2380000000        72.0240000000    153
      218.0310000000       522.4780000000        73.3650000000    154
      218.4580000000       512.8070000000        65.1040000000    155
      219.0160000000       390.3780000000        62.4200000000    156
      218.8550000000       450.8290000000        71.9540000000    157
      219.3000000000       499.7620000000        56.9950000000    158
      219.5970000000       514.8660000000        72.9790000000    159
      220.0690000000       402.4380000000        20.6760000000    160
      220.3440000000       530.0310000000        70.8090000000    161
      220.6970000000       320.1830000000        41.8010000000    162
      220.6430000000       345.7010000000        63.2430000000    163
      221.5140000000       417.0050000000        20.5530000000    164
      221.6970000000       476.5890000000        58.5990000000    165
      221.6510000000       575.4940000000       103.0760000000    166
      223.5000000000       432.5810000000        37.3470000000    167
      224.8780000000       420.8480000000        41.7300000000    168
      225.1820000000       368.9190000000         6.6460000000    169
      225.5630000000       496.2060000000        83.7150000000    170
      226.5540000000        69.0000000000         7.6540000000    171
      226.9580000000       483.0900000000        56.9890000000    172
      226.7770000000       508.5000000000        82.5070000000    173
      227.2560000000       328.7530000000        13.5010000000    174
      227.4880000000       364.2720000000        40.4710000000    175
      227.5380000000       501.5540000000        25.9080000000    176
      227.4500000000       509.1510000000        70.1670000000    177
      228.1650000000       520.5810000000        65.8290000000    178
      228.0300000000       547.0250000000        83.9300000000    179
      228.4080000000       472.5800000000        38.2920000000    180
      229.0300000000       387.8370000000        13.5710000000    181
      229.4280000000       334.9050000000        15.2920000000    182
      230.2160000000       322.4100000000        41.3730000000    183
      229.8640000000       439.1030000000         9.9690000000    184
      229.8390000000       503.6930000000        63.8270000000    185
      231.2670000000       365.0950000000        16.8960000000    186
      231.1090000000       431.0460000000        21.7110000000    187
      232.5930000000       148.4650000000        33.1130000000    188
      232.4780000000       477.6230000000        66.2020000000    189
      233.0120000000       254.5510000000        11.2650000000    190
      233.1120000000       405.7880000000        15.0060000000    191
      233.7990000000       330.3350000000        42.5480000000    192
      234.5700000000       478.2440000000        78.0340000000    193
      234.7230000000       496.3620000000        72.6030000000    194
      235.3570000000       498.0230000000        49.5250000000    195
      235.8720000000       249.2500000000         6.8290000000    196
      235.7150000000       386.2240000000        57.9550000000    197
      235.5810000000       429.8590000000        37.6600000000    198
      236.1590000000       520.0630000000        86.7760000000    199
      236.6360000000       533.8850000000        71.0510000000    200
      237.4240000000       324.3930000000        20.6000000000    201
      238.0690000000       504.5270000000        22.1160000000    202
      238.0710000000       509.7330000000        21.4680000000    203
      239.2710000000       422.9850000000        18.9100000000    204
      239.5420000000       504.3990000000        42.4360000000    205
      239.8870000000       308.3610000000        23.3330000000    206
      240.0320000000       334.1220000000        16.1680000000    207
      240.5480000000       487.4790000000        46.3160000000    208
      241.1160000000       263.2370000000        13.9840000000    209
      241.0440000000       334.1560000000        45.6950000000    210
      241.1760000000       433.4230000000        30.9560000000    211
      242.2910000000       517.4180000000        56.9720000000    212
      243.0960000000       316.3990000000        43.7430000000    213
      243.0530000000       495.7790000000        75.1980000000    214
      243.8670000000       346.7670000000        18.3900000000    215
      244.2740000000       450.5150000000        30.7470000000    216
      245.0390000000       386.1490000000        67.2180000000    217
      245.0700000000       550.3680000000        69.6900000000    218
      245.7970000000       426.4500000000        46.1620000000    219
      245.5330000000       432.2840000000        12.9940000000    220
      245.6870000000       501.0850000000        61.6830000000    221
      246.2340000000       361.6010000000        45.6390000000    222
      246.6710000000       450.7670000000        40.0600000000    223
      247.1420000000       387.5490000000        12.3250000000    224
      247.3180000000       508.2440000000        81.7340000000    225
      247.1760000000       543.3170000000        86.5850000000    226
      247.7270000000       505.3370000000        27.2730000000    227
      248.0580000000       415.1110000000        14.6450000000    228
      248.1060000000       482.8230000000        79.2600000000    229
      248.2480000000       538.7090000000        73.3190000000    230
      248.2070000000       554.9250000000        93.1200000000    231
      249.2390000000       538.3060000000        67.3600000000    232
      249.1630000000       563.9560000000        95.3440000000    233
      249.8320000000       501.2020000000        39.7630000000    234
      249.9030000000       508.1360000000        42.9750000000    235
      250.0490000000       533.7430000000        68.2190000000    236
      250.2360000000       382.1580000000        37.1350000000    237
      250.5340000000       521.1760000000        66.7370000000    238
      251.0710000000       525.8570000000        66.3640000000    239
      251.7000000000       326.6270000000        28.2730000000    240
      252.0680000000       370.3120000000        59.3470000000    241
      252.3120000000       325.4780000000        36.4630000000    242
      253.0840000000       348.0180000000        36.6040000000    243
      252.8830000000       404.2280000000        37.6050000000    244
      253.1450000000       483.6050000000        69.4890000000    245
      254.8760000000       439.7520000000        63.0740000000    246
      255.9600000000       438.8940000000        34.7380000000    247
      256.0000000000       560.0390000000        91.2320000000    248
      257.5410000000        49.1910000000         6.2510000000    249
      257.5890000000       330.4130000000        36.0240000000    250
      258.0160000000       311.2160000000        26.4270000000    251
      257.9520000000       412.3070000000        52.5650000000    252
      257.9210000000       461.7720000000        13.7580000000    253
      258.3020000000       508.7730000000        78.0240000000    254
      258.6480000000       532.7670000000        88.5110000000    255
      258.6700000000       541.0640000000        79.6990000000    256
      259.4580000000       402.1540000000         7.8170000000    257
      259.7680000000       409.3410000000        69.8260000000    258
      259.4840000000       539.0630000000        90.7190000000    259
      260.8180000000       334.8300000000        24.5000000000    260
      260.8390000000       520.9180000000        81.7770000000    261
      261.3480000000       551.8020000000        60.4810000000    262
      262.2200000000       431.3320000000        14.2950000000    263
      262.9420000000       561.8460000000        79.5130000000    264
      263.4400000000       285.9600000000         8.4270000000    265
      264.3950000000       341.8970000000        45.0560000000    266
      265.0460000000       316.5020000000        28.9150000000    267
      264.9630000000       421.7690000000        47.7530000000    268
      265.0610000000       439.8160000000        13.4650000000    269
      264.7450000000       485.2400000000        34.6580000000    270
      264.6820000000       496.3740000000        79.3390000000    271
      266.1010000000       332.7810000000        24.7070000000    272
      266.1010000000       517.2690000000        44.6170000000    273
      266.4690000000       473.0790000000        43.3980000000    274
      266.7190000000       509.2990000000        65.7930000000    275
      266.5180000000       533.7800000000        59.9150000000    276
      267.0280000000       577.8000000000        83.7820000000    277
      267.4030000000       505.9630000000        80.5970000000    278
      268.7640000000       245.5560000000        13.4930000000    279
      268.6880000000       474.8300000000        70.1190000000    280
      268.3880000000       568.2950000000        94.2990000000    281
      269.2050000000       502.3450000000        39.6550000000    282
      269.0380000000       525.0440000000        85.1390000000    283
      268.8700000000       529.0230000000        60.5580000000    284
      268.8520000000       564.4000000000        72.2880000000    285
      269.2100000000       576.8760000000        93.2170000000    286
      270.1140000000       393.6480000000        71.8040000000    287
      270.2160000000       506.2420000000        63.0830000000    288
      270.5580000000       442.6560000000        18.7030000000    289
      270.4970000000       491.4010000000        34.1280000000    290
      271.0660000000        46.9930000000        17.7870000000    291
      270.9410000000       447.7880000000        19.4120000000    292
      273.1690000000       351.4060000000        75.0930000000    293
      273.6890000000       490.9320000000        16.9820000000    294
      274.1300000000       430.5290000000        10.1520000000    295
      274.9690000000        34.8070000000        18.5610000000    296
      275.3000000000       173.8180000000         2.7970000000    297
      275.1810000000       356.0980000000        17.9560000000    298
      275.5050000000       545.2760000000        67.6910000000    299
      275.6880000000       523.5960000000        31.0900000000    300
      275.6920000000       548.5600000000        52.2840000000    301
      277.5080000000       371.0850000000        59.4940000000    302
      277.7630000000       447.6920000000        67.0470000000    303
      277.7470000000       544.3060000000        86.0070000000    304
      278.5080000000       486.9400000000        16.1640000000    305
      278.3370000000       601.2360000000        99.6430000000    306
      279.1340000000       586.5120000000        73.7620000000    307
      279.7640000000       412.4070000000        38.5280000000    308
      280.7030000000       419.2680000000        41.8010000000    309
      280.2930000000       525.3380000000        87.5640000000    310
      280.8400000000       485.6240000000        78.0110000000    311
      281.4510000000       556.8560000000        75.0510000000    312
      281.3900000000       566.0870000000        69.4200000000    313
      282.6730000000       568.6900000000        87.8710000000    314
      282.9220000000       480.7280000000        23.4890000000    315
      283.5830000000       389.7590000000        54.8990000000    316
      283.8910000000       524.2950000000        47.3250000000    317
      285.2700000000       585.5710000000        36.5730000000    318
      286.1640000000       147.3880000000        14.5190000000    319
      286.3170000000       550.1320000000        21.0000000000    320
      286.7480000000       375.7180000000        22.1520000000    321
      286.6810000000       471.0490000000        51.3640000000    322
      286.7970000000       519.0840000000        43.6290000000    323
      287.9690000000       403.6600000000        60.2730000000    324
      287.7330000000       450.4880000000        14.7590000000    325
      287.8710000000       461.1380000000        32.5030000000    326
      288.3410000000       567.5110000000        61.5020000000    327
      288.4120000000       569.1020000000        71.5780000000    328
      288.2350000000       574.9330000000        69.0010000000    329
      288.7430000000       508.1100000000        33.2390000000    330
      289.6400000000       402.8980000000        14.5740000000    331
      289.4980000000       404.8770000000        33.9390000000    332
      289.4450000000       416.8690000000        34.4370000000    333
      290.1600000000       578.9370000000        67.9860000000    334
      290.7630000000       563.4810000000        48.0830000000    335
      291.4730000000       489.4850000000        20.0470000000    336
      291.5030000000       540.6510000000        86.2560000000    337
      292.6160000000        37.1800000000        30.6950000000    338
      292.2960000000       451.5990000000        66.9560000000    339
      292.4950000000       499.0830000000        54.3200000000    340
      292.9650000000        12.7910000000        37.3950000000    341
      292.8490000000        24.0950000000        30.6830000000    342
      293.5770000000       360.5310000000         9.9390000000    343
      293.3330000000       454.4560000000        47.9690000000    344
      293.6670000000       587.0080000000        65.8380000000    345
      294.8530000000       354.0140000000        22.5720000000    346
      295.0730000000        28.4540000000        11.1510000000    347
      294.9750000000       415.8480000000        52.7190000000    348
      294.9630000000       565.9480000000        85.8360000000    349
      296.8390000000       558.6550000000        37.9580000000    350
      297.4160000000       337.6000000000        24.3830000000    351
      297.2730000000       354.2750000000         9.9580000000    352
      297.1520000000       368.8020000000        29.9610000000    353
      297.4540000000       558.2430000000        64.3350000000    354
      297.8080000000       463.9600000000        42.7380000000    355
      298.1850000000       489.4370000000        33.0630000000    356
      298.3710000000       561.2980000000        75.8900000000    357
      298.5690000000       215.6260000000        10.0400000000    358
      299.7470000000       304.8440000000        19.1190000000    359
      299.7550000000       426.5270000000         8.6530000000    360
      299.9760000000       522.3880000000        43.1430000000    361
      300.6630000000       538.4260000000        79.7090000000    362
      301.1200000000        53.6270000000         4.5570000000    363
      301.1380000000       544.4810000000        46.2680000000    364
      301.8560000000        60.3890000000         7.7220000000    365
      302.3660000000        21.3170000000         5.3320000000    366
      302.2480000000       553.5270000000        63.0080000000    367
      302.3240000000       580.7250000000        47.7950000000    368
      302.9650000000       389.5400000000        19.2100000000    369
      302.8590000000       511.4610000000        43.8810000000    370
      302.7810000000       560.6930000000        87.2520000000    371
      303.4430000000       549.7330000000        80.9700000000    372
      304.6370000000       505.7090000000        46.7940000000    373
      305.6380000000        56.8130000000        20.8750000000    374
      306.0560000000       428.0690000000        50.7360000000    375
      306.2320000000       526.5410000000        23.5140000000    376
      305.8270000000       535.9430000000        46.3380000000    377
      306.8220000000       563.7360000000        64.1340000000    378
      307.3880000000       265.5460000000        11.8300000000    379
      307.6860000000       373.0010000000        43.1660000000    380
      307.4470000000       396.9510000000        14.6650000000    381
      309.1520000000       393.3380000000        45.9850000000    382
      309.6180000000        51.0630000000        27.8080000000    383
      309.9250000000       600.5840000000        97.6740000000    384
      310.8530000000       398.8760000000        44.6660000000    385
      310.9680000000       596.6910000000       103.1650000000    386
      312.2990000000       161.7890000000        14.4000000000    387
      312.3480000000       532.6070000000        79.3200000000    388
      312.6710000000       541.1660000000        41.6410000000    389
      312.8460000000       580.2080000000        73.6890000000    390
      312.6590000000       590.7870000000        93.5760000000    391
      313.6110000000       534.8090000000        32.6030000000    392
      314.1340000000       573.9550000000        88.6120000000    393
      316.3720000000        92.4840000000        16.6880000000    394
      316.5990000000       580.0600000000        55.2840000000    395
      316.9700000000       585.8210000000       101.4250000000    396
      317.4230000000       369.9960000000        50.7230000000    397
      317.7050000000       419.2560000000        23.8960000000    398
      318.0650000000       589.7320000000        77.8300000000    399
      318.7420000000       363.6280000000        38.9290000000    400
      318.4050000000       370.3270000000        39.3970000000    401
      318.5440000000       587.2970000000        87.1080000000    402
      318.4040000000       593.9370000000        66.1920000000    403
      319.1630000000       175.5920000000        14.8600000000    404
      319.0980000000       450.9740000000        65.6870000000    405
      319.2820000000       527.8810000000        29.1800000000    406
      319.0620000000       564.5770000000        88.4030000000    407
      320.5730000000       538.1720000000        59.2370000000    408
      321.0610000000       490.5000000000        17.5220000000    409
      321.6740000000       199.8130000000        14.0890000000    410
      322.6780000000       509.8900000000        31.0320000000    411
      323.0190000000       105.7340000000        10.9270000000    412
      323.3250000000       386.9010000000        21.3530000000    413
      323.4670000000       462.7630000000        56.1810000000    414
      323.2100000000       553.1450000000        31.8180000000    415
      324.1990000000       506.5010000000        16.9860000000    416
      325.2960000000       528.9320000000        42.8380000000    417
      325.5040000000       533.8630000000        81.5830000000    418
      325.2400000000       551.4750000000        85.5350000000    419
      325.6790000000       538.7010000000        61.1640000000    420
      326.4830000000        16.3900000000        17.2100000000    421
      326.4120000000       400.8620000000        14.6040000000    422
      326.2870000000       577.0940000000        47.3280000000    423
      326.2520000000       604.6410000000        75.4770000000    424
      326.7360000000       517.5980000000        25.4990000000    425
      327.2280000000       585.9010000000       103.2090000000    426
      327.8560000000       502.8320000000        74.0300000000    427
      327.7130000000       514.7690000000        42.6230000000    428
      328.4580000000       123.2360000000        47.2660000000    429
      328.3450000000       564.8570000000        48.6690000000    430
      328.4810000000       575.6000000000        96.1860000000    431
      328.5780000000       620.1690000000       101.9320000000    432
      329.0740000000       542.9680000000        84.7520000000    433
      329.2040000000       600.4710000000        48.4030000000    434
      329.3910000000        31.3430000000        28.8450000000    435
      329.3510000000       577.9880000000        83.7520000000    436
      329.4970000000       596.3960000000        92.2020000000    437
      330.0160000000       436.7530000000        16.3170000000    438
      329.8220000000       589.1100000000        72.9570000000    439
      330.5630000000       457.7640000000        60.0040000000    440
      331.7600000000        20.5790000000        19.0830000000    441
      332.1870000000       416.7750000000        47.9950000000    442
      332.7910000000       474.2230000000        15.6390000000    443
      332.7030000000       545.0340000000        43.8730000000    444
      334.3390000000        35.5620000000        29.4610000000    445
      334.2990000000       116.7860000000        36.7740000000    446
      335.5660000000       411.2820000000        34.5220000000    447
      335.9710000000       427.5310000000        31.9330000000    448
      336.3850000000        86.7610000000         7.1370000000    449
      336.3750000000       121.4550000000        12.2180000000    450
      336.3620000000       450.0430000000        20.8860000000    451
      336.3640000000       568.9310000000        33.5150000000    452
      337.0050000000       547.5250000000        72.6870000000    453
      337.2350000000       112.7980000000        20.8540000000    454
      337.2580000000       583.4620000000        53.6390000000    455
      337.6460000000       528.0200000000        66.6950000000    456
      337.7320000000       608.6170000000       100.3210000000    457
      339.0270000000       122.0770000000        27.3250000000    458
      339.1250000000       409.4710000000        23.6590000000    459
      338.7950000000       492.5280000000        82.3120000000    460
      339.1940000000        48.4040000000         2.4360000000    461
      339.6340000000       591.6250000000        80.4170000000    462
      339.3820000000       596.8560000000        87.6850000000    463
      341.1780000000       411.7880000000        12.8600000000    464
      341.0290000000       467.4690000000        71.5220000000    465
      341.4190000000       494.5690000000        15.8110000000    466
      341.5190000000       583.0240000000        88.8990000000    467
      342.5490000000       536.4770000000        28.1800000000    468
      342.3430000000       626.2240000000       106.9490000000    469
      342.8930000000       570.5410000000        94.6560000000    470
      344.0450000000       543.1750000000        29.6130000000    471
      344.6730000000       425.2820000000        44.3360000000    472
      344.4030000000       535.2660000000        73.9230000000    473
      344.9170000000       571.0860000000        51.1910000000    474
      346.8800000000       528.6740000000        24.2750000000    475
      347.3830000000       456.5540000000        12.7520000000    476
      347.1940000000       542.6680000000        44.0150000000    477
      347.6810000000         9.0620000000        18.6330000000    478
      347.4990000000       409.4470000000        12.8440000000    479
      347.7720000000       428.9660000000        44.1370000000    480
      347.5770000000       477.6470000000        61.8130000000    481
      348.7230000000       585.5760000000        98.9280000000    482
      350.0540000000       397.0550000000        29.2440000000    483
      350.9970000000       130.3210000000         7.4180000000    484
      350.9660000000       138.5730000000        62.8770000000    485
      351.3360000000       125.6680000000         6.5080000000    486
      352.0520000000       469.7760000000        14.8110000000    487
      354.0040000000       434.6260000000        38.0270000000    488
      354.1350000000       610.9900000000        96.1450000000    489
      355.1420000000       352.9880000000        18.7250000000    490
      354.8240000000       490.9530000000        17.7660000000    491
      355.3700000000        20.5570000000        12.9400000000    492
      356.2320000000       536.8600000000        30.0310000000    493
      355.8510000000       567.2030000000        38.7270000000    494
      356.8430000000       344.9380000000        17.3500000000    495
      356.5150000000       597.1830000000        64.8020000000    496
      357.0620000000       445.5870000000        39.3990000000    497
      357.6480000000       559.7920000000        47.7720000000    498
      357.6780000000       602.1760000000        76.0740000000    499
      358.1540000000       567.0610000000        93.7700000000    500
      359.1560000000        66.3740000000        15.4240000000    501
      360.1950000000       382.7530000000        25.3260000000    502
      360.7530000000        60.1950000000        15.8160000000    503
      362.0060000000        69.6900000000        31.4810000000    504
      361.7090000000       509.0690000000        21.2400000000    505
      362.5260000000       154.8830000000        26.1290000000    506
      362.4300000000       440.0300000000        31.8280000000    507
      363.0170000000       615.4780000000        95.3770000000    508
      362.7570000000       617.5840000000        89.0390000000    509
      363.5720000000       431.8020000000        19.6880000000    510
      363.1860000000       607.6850000000       103.3950000000    511
      365.0690000000       575.9850000000        41.7740000000    512
      365.4620000000       144.0680000000        41.1480000000    513
      365.8770000000       171.4710000000        25.2690000000    514
      366.4020000000       455.2960000000        58.4240000000    515
      366.9460000000       181.4310000000        16.0800000000    516
      367.1420000000       460.6770000000        59.7090000000    517
      367.4970000000        64.7780000000        16.9220000000    518
      367.4310000000       283.7010000000        14.0210000000    519
      367.8210000000        34.9280000000         9.6580000000    520
      368.0940000000       151.3520000000        43.0620000000    521
      369.6720000000       560.1300000000        37.0420000000    522
      370.1080000000       433.1950000000        36.5820000000    523
      370.0270000000       454.2400000000        39.2300000000    524
      369.9650000000       616.9700000000        89.0210000000    525
      370.4910000000       146.3610000000        28.8000000000    526
      371.3780000000       591.9830000000        95.5020000000    527
      371.7580000000       170.8020000000        10.2730000000    528
      372.0950000000       573.4430000000        55.7610000000    529
      373.2950000000       467.8780000000        23.8900000000    530
      374.2450000000       111.1520000000         8.8740000000    531
      374.4810000000       599.4730000000       103.9270000000    532
      374.6820000000       115.9600000000         8.9130000000    533
      374.8340000000       460.8330000000        46.1880000000    534
      375.3760000000       565.7130000000        37.6110000000    535
      376.2350000000       494.0600000000        18.9740000000    536
      376.5880000000       591.5860000000        58.1430000000    537
      376.8750000000       568.9310000000        44.4260000000    538
      378.2830000000       564.3230000000        86.4840000000    539
      378.5110000000       591.8060000000        45.3140000000    540
      378.2560000000       616.8530000000        58.6210000000    541
      379.6300000000       475.1530000000        51.8140000000    542
      379.6970000000       527.7220000000        90.2450000000    543
      379.7730000000       623.3980000000       118.2240000000    544
      380.1760000000       204.0930000000        38.0020000000    545
      379.9580000000       565.9000000000        64.6350000000    546
      380.1790000000       615.0870000000        99.7540000000    547
      380.6890000000        87.4030000000        35.4960000000    548
      381.1800000000        94.0040000000        22.2200000000    549
      381.0820000000       547.0430000000        32.8770000000    550
      381.8430000000       237.6590000000        28.9370000000    551
      381.7110000000       628.0730000000        91.8670000000    552
      382.0510000000       495.6900000000        70.1430000000    553
      383.2130000000       127.3880000000        20.2210000000    554
      383.9010000000       597.4840000000        77.5040000000    555
      383.4510000000       622.6540000000       102.7310000000    556
      384.1910000000       609.2600000000        77.6960000000    557
      384.4330000000       627.4710000000       104.3320000000    558
      384.6140000000       551.1950000000        90.9030000000    559
      385.4140000000       212.7710000000        16.1660000000    560
      386.2020000000       135.0950000000        47.7910000000    561
      386.1780000000       469.2940000000        41.3070000000    562
      386.9250000000        97.8570000000        24.0040000000    563
      386.6770000000       581.0930000000        77.9750000000    564
      387.9470000000       440.4340000000        36.7330000000    565
      388.3330000000       206.8480000000        39.4910000000    566
      388.9790000000       121.3080000000         9.7020000000    567
      389.0100000000       141.7610000000        49.5530000000    568
      388.7290000000       472.2210000000        30.0110000000    569
      389.3760000000       113.2460000000        12.0200000000    570
      389.4820000000       578.7840000000        97.6830000000    571
      389.4020000000       643.2660000000       115.6200000000    572
      389.8240000000       554.0230000000        57.8870000000    573
      390.4340000000       534.2270000000        24.9680000000    574
      390.3020000000       594.1940000000        97.2280000000    575
      390.2050000000       632.0730000000        65.2820000000    576
      391.1280000000       611.4150000000        73.8200000000    577
      390.8260000000       629.2980000000       103.1230000000    578
      392.4410000000       109.9950000000        12.9630000000    579
      392.8100000000       496.6040000000        28.3240000000    580
      392.8980000000       640.0130000000       101.2370000000    581
      393.9340000000       501.6150000000        76.7690000000    582
      396.6840000000       487.2160000000        55.0910000000    583
      398.8650000000       487.7260000000        46.2540000000    584
      398.9360000000       587.7360000000        45.2390000000    585
      399.3080000000       604.2870000000        65.1280000000    586
      399.9250000000       107.1190000000        21.6610000000    587
      399.9290000000       631.8730000000       120.0350000000    588
      400.4740000000       162.6310000000        38.9300000000    589
      400.5100000000       575.9900000000        37.7190000000    590
      400.2470000000       625.9630000000        98.1410000000    591
      401.5560000000       562.3330000000        88.5430000000    592
      401.5070000000       589.4560000000        62.3430000000    593
      401.9620000000       508.8260000000        42.6780000000    594
      402.0320000000       615.7360000000        67.7810000000    595
      402.5380000000       603.4760000000       103.0790000000    596
      402.7700000000       263.0750000000        31.0650000000    597
      402.7300000000       618.0010000000        99.7780000000    598
      402.9470000000       639.8220000000       117.8370000000    599
      403.5870000000       111.2180000000        20.9770000000    600
      403.9270000000       438.4210000000        13.5230000000    601
      404.7170000000       106.9140000000        13.5030000000    602
      404.5110000000       184.5760000000        51.0370000000    603
      405.1400000000       146.2310000000         6.2490000000    604
      405.0830000000       233.7770000000        42.6140000000    605
      405.6730000000       631.2490000000       120.2550000000    606
      406.5030000000       241.7280000000        45.6530000000    607
      406.7770000000       619.4400000000       111.0190000000    608
      406.9880000000       570.2180000000        57.9870000000    609
      406.8700000000       609.6420000000       114.9350000000    610
      407.7430000000       515.8950000000        74.2900000000    611
      407.3950000000       583.5030000000        43.0170000000    612
      408.0720000000       620.7330000000       120.0220000000    613
      409.4040000000       559.0710000000        82.3560000000    614
      409.0600000000       588.4560000000       103.1340000000    615
      410.0930000000       635.8230000000       105.3540000000    616
      410.9550000000       495.4810000000        55.1960000000    617
      411.2980000000       576.8120000000        96.8890000000    618
      411.6230000000       246.8650000000        45.4100000000    619
      411.8450000000       596.8740000000        55.5900000000    620
      411.6540000000       606.2630000000        58.3960000000    621
      412.5800000000       575.4560000000        59.9850000000    622
      412.4080000000       592.3180000000        54.4960000000    623
      413.2900000000       590.3300000000        70.4250000000    624
      413.6870000000       195.5880000000         4.4980000000    625
      414.0480000000       236.9090000000        21.5480000000    626
      413.8060000000       491.1270000000        67.5850000000    627
      414.6600000000       156.6110000000        39.1520000000    628
      414.2910000000       163.7380000000        13.7280000000    629
      414.6220000000       200.9570000000        46.1830000000    630
      414.2190000000       582.1450000000        68.6840000000    631
      414.7030000000       137.4560000000        31.1120000000    632
      415.1150000000       325.8810000000        35.0480000000    633
      414.7790000000       636.1450000000        69.6890000000    634
      415.6890000000       519.5810000000        37.5510000000    635
      415.8360000000       153.6550000000        18.8200000000    636
      416.2390000000       528.5520000000        73.5780000000    637
      416.5590000000       628.1830000000       116.5240000000    638
      416.6450000000       630.3680000000        87.8590000000    639
      416.4300000000       641.4690000000       118.4260000000    640
      416.7610000000       613.5170000000       112.6310000000    641
      417.4780000000       249.5360000000        25.0040000000    642
      417.8610000000       495.1510000000        65.6130000000    643
      419.0300000000       286.7170000000        23.4820000000    644
      418.9400000000       301.1840000000        14.5420000000    645
      419.0910000000       484.6050000000        54.6180000000    646
      419.0930000000       524.8590000000        31.2060000000    647
      419.4470000000       571.4770000000        38.3900000000    648
      420.5400000000       293.0690000000        34.8030000000    649
      420.6490000000       594.5510000000        86.2880000000    650
      420.7420000000       606.6680000000        76.0140000000    651
      420.4990000000       637.0960000000        83.0640000000    652
      421.0350000000       157.0120000000        21.9680000000    653
      421.5990000000       210.6290000000         2.9830000000    654
      421.8530000000       225.4130000000        48.2370000000    655
      421.5410000000       582.7530000000       101.2220000000    656
      422.0750000000       270.3070000000        20.8980000000    657
      422.0650000000       321.8770000000        41.9120000000    658
      422.8290000000       132.0530000000        23.7150000000    659
      422.7390000000       236.4070000000        40.8310000000    660
      422.5450000000       503.4120000000        47.9470000000    661
      423.4980000000       331.7320000000        41.4550000000    662
      423.4770000000       644.0000000000        93.6240000000    663
      424.5330000000       171.2460000000         9.2070000000    664
      424.5000000000       203.6690000000        55.0740000000    665
      424.4640000000       213.4410000000        55.3060000000    666
      424.5110000000       521.8950000000        81.2730000000    667
      424.9300000000       295.2990000000        48.4310000000    668
      425.3900000000       599.7800000000        87.7510000000    669
      427.4560000000       197.3780000000         4.9840000000    670
      427.3170000000       198.3190000000        21.5650000000    671
      427.3380000000       289.7170000000        10.2780000000    672
      427.5120000000       415.7650000000        22.3250000000    673
      427.5670000000       607.4520000000        89.1450000000    674
      427.9290000000       156.7310000000        48.6540000000    675
      427.8900000000       514.3280000000        41.9710000000    676
      428.4870000000       298.6150000000        54.9060000000    677
      429.9160000000       610.2500000000        56.6130000000    678
      429.9760000000       622.3850000000       105.5070000000    679
      430.8020000000       640.3880000000       120.9380000000    680
      431.2690000000       271.9710000000         7.4000000000    681
      431.2450000000       559.1370000000        39.3670000000    682
      431.6000000000       618.7710000000       121.0140000000    683
      432.8590000000       209.6250000000        20.3100000000    684
      432.8930000000       262.9580000000        57.8600000000    685
      432.6350000000       416.7870000000        23.0310000000    686
      432.5710000000       506.7270000000        55.7480000000    687
      432.6270000000       573.2350000000        85.5910000000    688
      433.0150000000       167.6070000000        54.7450000000    689
      433.4870000000       215.5160000000         6.7550000000    690
      433.6110000000       600.6610000000        50.9170000000    691
      434.3100000000       189.8400000000        52.7890000000    692
      434.7030000000       155.5610000000         8.0230000000    693
      434.6120000000       565.6610000000        84.0080000000    694
      435.8920000000       650.0460000000       104.8220000000    695
      436.3670000000       277.7920000000        29.9900000000    696
      438.1510000000       274.3860000000         7.1110000000    697
      438.1760000000       652.1220000000        83.5420000000    698
      438.7430000000       269.6600000000        59.0850000000    699
      438.8100000000       646.6600000000       135.8190000000    700
      439.4060000000       314.6370000000        26.4320000000    701
      439.8260000000       661.5040000000        80.7400000000    702
      440.3630000000       229.0140000000         5.7050000000    703
      440.6960000000       310.4900000000        13.5050000000    704
      440.3970000000       646.4190000000        66.2250000000    705
      441.1600000000       305.5410000000        54.9960000000    706
      441.6200000000       536.6220000000        46.0020000000    707
      441.7510000000       630.9910000000        99.8230000000    708
      442.0730000000       163.9150000000         6.4830000000    709
      441.8780000000       563.1850000000        88.7760000000    710
      442.1310000000       607.9040000000        71.9010000000    711
      442.5500000000       505.9100000000        73.7550000000    712
      442.7320000000       628.4450000000       110.5140000000    713
      444.3260000000       226.8380000000        31.9090000000    714
      444.6260000000       517.0250000000        64.4800000000    715
      445.2130000000       644.0250000000       127.4850000000    716
      445.8950000000       310.1740000000         9.3130000000    717
      445.8360000000       334.2610000000        33.8540000000    718
      445.4850000000       511.2080000000        45.7090000000    719
      445.6600000000       621.9310000000        62.4370000000    720
      446.4200000000       339.7910000000        31.1760000000    721
      446.9310000000       591.6750000000        95.3220000000    722
      446.7570000000       600.4780000000       106.7980000000    723
      447.4650000000       163.8660000000        48.4670000000    724
      447.1060000000       366.2960000000        51.9810000000    725
      447.8830000000       636.6240000000       125.0320000000    726
      448.5170000000       172.2370000000        58.6900000000    727
      448.4390000000       255.8790000000        62.5410000000    728
      448.3440000000       589.9560000000        80.4340000000    729
      448.9000000000       211.9960000000        28.9780000000    730
      449.4420000000       301.0290000000        65.6650000000    731
      449.3740000000       621.6620000000        75.0770000000    732
      450.5600000000       376.1360000000        28.8920000000    733
      450.2790000000       612.1430000000       114.5340000000    734
      451.0310000000       572.6630000000       106.0450000000    735
      450.9040000000       615.1960000000        87.0670000000    736
      450.7150000000       625.4590000000       104.1230000000    737
      450.7450000000       632.6310000000       110.1910000000    738
      451.5840000000       343.4060000000        32.0920000000    739
      452.0110000000       627.5960000000        92.7540000000    740
      452.2210000000       348.9540000000        31.6350000000    741
      452.9930000000       309.5030000000        50.0260000000    742
      453.7440000000       394.9550000000        38.9290000000    743
      453.3570000000       449.1910000000        34.7830000000    744
      453.9060000000       193.1230000000        21.0900000000    745
      454.1330000000       609.5040000000        60.3380000000    746
      454.7090000000       259.9580000000         5.2970000000    747
      454.7800000000       345.0010000000        52.6480000000    748
      454.4840000000       358.0710000000        20.6970000000    749
      454.8760000000       189.2030000000        61.5310000000    750
      454.8920000000       652.9460000000       106.9470000000    751
      455.3960000000       229.8770000000        10.0550000000    752
      455.7620000000       653.1340000000       117.8310000000    753
      456.0840000000       590.8290000000       104.4780000000    754
      456.6310000000       625.3650000000       122.9700000000    755
      457.1090000000       603.3740000000        87.2520000000    756
      457.8590000000       175.6440000000        59.7130000000    757
      458.2400000000       302.4530000000        10.6620000000    758
      458.6740000000       367.2900000000        36.7070000000    759
      458.9630000000       130.5100000000        19.7440000000    760
      459.3790000000       534.7100000000        73.9870000000    761
      459.4630000000       633.7520000000       118.4900000000    762
      460.2890000000       278.3700000000        47.2360000000    763
      460.3030000000       536.8360000000        56.8400000000    764
      461.2550000000       321.6090000000        46.4780000000    765
      461.5510000000       521.5230000000        78.8550000000    766
      461.6800000000       352.0840000000        62.9500000000    767
      462.5190000000       170.7590000000        52.6040000000    768
      462.3150000000       552.8700000000        54.7320000000    769
      462.8310000000       275.0320000000        35.7530000000    770
      462.9740000000       415.9740000000        34.2030000000    771
      463.3030000000       230.1180000000         8.9470000000    772
      464.5490000000       204.7890000000         8.7450000000    773
      464.9580000000       369.9980000000        61.0090000000    774
      464.9300000000       642.5710000000        97.1600000000    775
      465.8860000000       163.7980000000        42.0340000000    776
      466.2580000000       138.4770000000        14.2080000000    777
      466.5110000000       302.6900000000         9.0220000000    778
      466.6590000000       387.9170000000        35.7910000000    779
      466.4230000000       397.4530000000        51.5690000000    780
      467.0440000000       211.0700000000        16.4450000000    781
      467.3490000000       536.7140000000        73.2190000000    782
      468.0810000000       505.9180000000        33.6000000000    783
      468.1800000000       609.7870000000        80.1460000000    784
      469.3270000000       192.4250000000        55.5300000000    785
      469.8190000000       183.7470000000        10.0180000000    786
      469.4820000000       417.8940000000        22.6900000000    787
      470.1120000000       413.3190000000        37.6750000000    788
      470.0160000000       579.3200000000       110.9230000000    789
      470.0020000000       594.8580000000        97.0210000000    790
      470.6070000000       609.8700000000       116.4950000000    791
      471.3890000000       329.3730000000        65.1640000000    792
      472.0860000000       213.8560000000        15.7580000000    793
      472.4540000000       243.3980000000        67.2000000000    794
      472.0620000000       265.4470000000        12.8510000000    795
      472.7860000000       421.1540000000        39.4480000000    796
      472.7530000000       639.1260000000       113.1960000000    797
      473.4940000000       310.7940000000        28.4230000000    798
      473.3400000000       549.4400000000        94.7600000000    799
      473.3120000000       616.5970000000       128.9860000000    800
      473.6700000000       285.2040000000        63.0190000000    801
      473.8650000000       378.5010000000        30.0570000000    802
      473.6180000000       586.7980000000       114.2090000000    803
      474.6290000000       189.9370000000        35.8840000000    804
      474.7750000000       284.2140000000        10.3360000000    805
      474.8630000000       313.0760000000        74.4220000000    806
      475.4110000000       195.4750000000        46.3140000000    807
      475.1400000000       399.1860000000        31.1520000000    808
      475.9600000000       278.1510000000        10.6640000000    809
      476.4970000000       200.2000000000        19.9500000000    810
      476.2540000000       596.7180000000        52.7200000000    811
      476.4940000000       618.2360000000        80.4680000000    812
      476.7380000000       362.5550000000        13.3770000000    813
      476.7610000000       465.4110000000        44.1510000000    814
      477.2930000000       226.6740000000        17.9350000000    815
      477.2230000000       360.7290000000        54.6490000000    816
      478.1190000000       299.6110000000        56.0350000000    817
      477.8330000000       634.0840000000       138.8920000000    818
      478.8590000000       212.4770000000        68.9520000000    819
      481.1630000000       230.7790000000        41.1920000000    820
      480.8830000000       442.8710000000        53.5390000000    821
      480.8890000000       541.9660000000        48.2660000000    822
      481.5980000000       331.4510000000        37.1940000000    823
      481.9910000000       429.0790000000        57.3780000000    824
      482.6090000000       413.2900000000        26.0050000000    825
      482.8550000000       550.2660000000        57.6560000000    826
      483.1670000000       155.1450000000         9.6210000000    827
      483.1600000000       611.2320000000        64.1440000000    828
      483.5120000000       273.1690000000        10.0630000000    829
      483.7790000000       618.4290000000       127.5950000000    830
      484.7880000000       626.3900000000       108.3630000000    831
      485.2480000000       280.8770000000        20.6600000000    832
      485.0120000000       547.7800000000       115.5280000000    833
      485.3200000000       587.6680000000       111.2180000000    834
      485.5890000000       435.8560000000        57.3330000000    835
      485.9960000000       480.0950000000        43.8330000000    836
      486.1150000000       361.3870000000        59.1480000000    837
      486.7950000000       244.2990000000        34.4190000000    838
      487.7410000000       216.7400000000        60.3320000000    839
      488.1130000000       642.6670000000       107.1330000000    840
      488.5340000000       284.7350000000        62.3930000000    841
      488.1520000000       301.9650000000        70.8150000000    842
      488.4510000000       624.6010000000        72.9750000000    843
      489.1340000000       205.6640000000        22.5330000000    844
      488.9570000000       398.2660000000        70.5570000000    845
      489.0160000000       630.9060000000        79.4230000000    846
      489.4640000000       547.1650000000       111.5040000000    847
      489.5150000000       628.5510000000       129.4580000000    848
      489.4330000000       658.9260000000        95.9330000000    849
      491.2470000000       583.4760000000        58.7620000000    850
      491.5160000000       294.4900000000        61.5890000000    851
      491.3360000000       441.7740000000        65.7790000000    852
      491.3160000000       640.2360000000       144.1920000000    853
      491.8570000000       251.7310000000        57.6370000000    854
      492.7310000000       197.7290000000        56.9300000000    855
      492.7070000000       291.0410000000         7.5240000000    856
      492.3610000000       647.2690000000       126.1310000000    857
      493.1370000000       604.2460000000       101.7430000000    858
      493.6260000000       372.1510000000         9.6590000000    859
      494.1930000000       247.1190000000         8.7500000000    860
      494.4800000000       669.0110000000        94.9100000000    861
      495.2150000000       151.8530000000        39.4010000000    862
      494.9260000000       244.1960000000        71.0320000000    863
      495.8800000000       623.4290000000        82.6750000000    864
      496.4060000000       391.1780000000        57.2000000000    865
      496.0220000000       632.5560000000       118.8560000000    866
      496.7950000000       393.5490000000        15.4180000000    867
      497.4450000000       626.0030000000        92.9340000000    868
      497.8320000000       461.5740000000        79.5990000000    869
      498.8250000000       613.4390000000       124.5080000000    870
      499.1870000000       259.3360000000        73.9920000000    871
      499.2690000000       323.2150000000        37.7260000000    872
      500.3660000000       203.8220000000        40.4850000000    873
      500.4590000000       654.5540000000       139.3510000000    874
      500.6810000000       260.1750000000        35.8270000000    875
      500.7950000000       433.7990000000        42.8650000000    876
      500.8360000000       576.8400000000       105.0890000000    877
      501.5460000000       268.5900000000        68.4150000000    878
      501.2180000000       461.2410000000        32.8920000000    879
      501.8280000000       323.9050000000        50.0090000000    880
      502.0990000000       464.0720000000        47.9910000000    881
      502.6390000000       218.6110000000        30.0030000000    882
      502.4960000000       257.6060000000        27.7350000000    883
      503.0000000000       191.5230000000         9.0010000000    884
      503.2330000000       228.0840000000        35.1150000000    885
      502.7450000000       334.6920000000        10.5370000000    886
      503.0670000000       553.1630000000        99.3510000000    887
      503.7290000000       611.8750000000        91.8370000000    888
      503.2580000000       630.9570000000       132.4450000000    889
      503.4410000000       652.6570000000       113.9660000000    890
      504.3810000000       281.6650000000        17.2220000000    891
      504.7930000000       466.8870000000        79.6140000000    892
      504.6520000000       645.0420000000       147.9010000000    893
      505.3120000000       586.5530000000        65.5620000000    894
      505.7120000000       239.5100000000        72.1950000000    895
      505.7350000000       300.8410000000        17.7430000000    896
      505.7740000000       381.7100000000        80.1680000000    897
      506.5100000000       190.9690000000        61.1350000000    898
      506.7940000000       528.7320000000        65.5830000000    899
      506.6720000000       639.2740000000        97.9700000000    900
      507.2660000000       650.6340000000       148.9220000000    901
      507.0780000000       654.9980000000       129.5950000000    902
      507.4440000000       336.2860000000        36.7230000000    903
      508.2220000000       205.2040000000        72.0050000000    904
      508.2370000000       650.2510000000       107.4130000000    905
      508.6360000000       197.9150000000        68.4370000000    906
      508.5810000000       506.5170000000        80.8400000000    907
      509.4470000000       354.0500000000        75.4240000000    908
      509.1630000000       482.5100000000        61.6480000000    909
      509.5100000000       195.3030000000        50.7060000000    910
      509.7840000000       290.7800000000        73.6920000000    911
      510.1320000000       217.2350000000        66.7400000000    912
      510.1280000000       272.8140000000        10.7380000000    913
      511.3970000000       342.9750000000        36.8350000000    914
      511.3920000000       455.6370000000        32.2840000000    915
      511.8580000000       362.2450000000        87.1940000000    916
      511.6910000000       426.3880000000        77.9800000000    917
      512.0060000000       533.3110000000        64.7890000000    918
      512.1640000000       468.2130000000        28.1030000000    919
      513.1290000000       306.8640000000        80.2160000000    920
      514.1910000000       350.5190000000        49.6670000000    921
      515.0230000000       278.8170000000        35.5470000000    922
      514.8740000000       439.9420000000        31.1430000000    923
      514.9510000000       654.4890000000        81.8900000000    924
      515.4110000000       326.4210000000        15.1220000000    925
      515.6580000000       618.5820000000       131.9500000000    926
      515.3830000000       637.5300000000       107.8840000000    927
      516.6150000000       245.7450000000        70.1750000000    928
      517.0720000000       321.8630000000        13.2550000000    929
      517.6270000000       462.8150000000        89.6660000000    930
      517.8290000000       315.0280000000        38.5310000000    931
      517.8320000000       359.3290000000        13.2070000000    932
      518.5670000000       343.2180000000        13.4900000000    933
      519.7060000000       583.2040000000       109.1850000000    934
      519.8250000000       637.6890000000       135.3840000000    935
      520.7530000000       237.0440000000        72.6270000000    936
      520.4600000000       265.8060000000        25.5590000000    937
      520.4990000000       296.4850000000        78.6430000000    938
      521.8120000000       190.3060000000        70.4750000000    939
      521.7020000000       209.2470000000        52.8960000000    940
      521.6520000000       331.2110000000        47.3580000000    941
      522.3490000000       269.2970000000        75.4810000000    942
      522.7310000000       623.0580000000       122.1420000000    943
      523.1820000000       485.9740000000        52.2360000000    944
      523.4660000000       602.9710000000       107.9160000000    945
      524.1880000000       380.9080000000        46.8080000000    946
      524.3420000000       515.2110000000        60.1070000000    947
      525.3490000000       184.1100000000        61.9150000000    948
      525.4040000000       246.2030000000        44.7330000000    949
      525.5830000000       285.9280000000        71.8610000000    950
      525.4520000000       411.9430000000        23.6180000000    951
      526.1320000000       228.6410000000        67.5560000000    952
      525.7700000000       605.7350000000        74.9430000000    953
      525.7770000000       641.8270000000       132.0270000000    954
      526.1670000000       326.1000000000        12.8240000000    955
      526.3200000000       476.2640000000        80.5440000000    956
      526.5440000000       497.8990000000        52.9270000000    957
      526.1740000000       662.8860000000       155.1070000000    958
      527.5590000000       542.5490000000        71.5810000000    959
      527.8180000000       321.3720000000        12.3200000000    960
      528.2960000000       404.2060000000        38.2750000000    961
      528.4320000000       639.3760000000       136.3500000000    962
      528.9870000000       345.6830000000        22.4330000000    963
      528.9950000000       658.2890000000        95.6970000000    964
      529.7800000000       241.4450000000        80.1930000000    965
      529.8230000000       261.7280000000        26.5690000000    966
      529.8190000000       286.1490000000        69.5590000000    967
      530.1240000000       364.6120000000        73.4650000000    968
      530.1040000000       600.5650000000       103.5680000000    969
      530.3740000000       381.3250000000        47.1980000000    970
      530.9950000000       204.8410000000        69.8560000000    971
      531.2130000000       254.2220000000        72.1890000000    972
      530.9270000000       626.0840000000        82.6290000000    973
      531.7010000000       389.7060000000        26.0180000000    974
      531.6690000000       544.5240000000        95.0430000000    975
      531.5740000000       641.3530000000       120.4650000000    976
      531.5750000000       672.6000000000       111.0220000000    977
      532.1620000000       638.5410000000       109.2940000000    978
      532.5810000000       237.1010000000        78.7500000000    979
      532.5820000000       524.2340000000        57.2590000000    980
      533.0570000000       388.9890000000        74.2570000000    981
      533.0830000000       610.8430000000       101.6690000000    982
      533.5980000000       507.4090000000       102.9260000000    983
      533.9890000000       218.6540000000        64.7580000000    984
      534.8680000000       188.5040000000        46.7060000000    985
      534.6590000000       370.4280000000        73.3330000000    986
      534.9850000000       451.7100000000        76.3310000000    987
      534.9630000000       657.0500000000       151.0840000000    988
      535.7520000000       246.3150000000        80.3510000000    989
      537.0970000000       260.5310000000        78.2630000000    990
      536.7490000000       398.6860000000        25.5170000000    991
      537.6070000000       331.2450000000        84.0600000000    992
      537.3200000000       581.6530000000       108.8530000000    993
      537.9980000000       278.3190000000        44.4950000000    994
      538.3930000000       255.6200000000        18.3660000000    995
      538.4230000000       493.4770000000        44.4740000000    996
      539.0860000000       277.2190000000        35.3050000000    997
      538.8200000000       387.0640000000        49.2390000000    998
      538.9300000000       551.4950000000        72.7800000000    999
      539.3350000000       466.1290000000        33.8900000000   1000
      540.0800000000       281.0560000000        72.1280000000   1001
      540.1290000000       298.9230000000        35.0190000000   1002
      540.4380000000       227.8250000000        15.2850000000   1003
      540.8130000000       239.4080000000        56.5480000000   1004
      540.9680000000       312.4710000000        81.2560000000   1005
      541.2440000000       639.8030000000        93.6350000000   1006
      541.7570000000       309.5650000000        20.7850000000   1007
      542.2910000000       355.1550000000        46.1750000000   1008
      543.0180000000       285.2310000000        78.7490000000   1009
      543.4650000000       357.4720000000        68.2680000000   1010
      543.4030000000       360.5970000000        60.4200000000   1011
      543.6770000000       393.7690000000        35.4510000000   1012
      544.3930000000       192.0160000000        71.5640000000   1013
      544.1070000000       253.2570000000        78.0100000000   1014
      544.3050000000       393.4210000000        82.0300000000   1015
      544.1960000000       429.6450000000        66.9340000000   1016
      544.9210000000       515.4620000000        81.9540000000   1017
      545.8800000000       248.7150000000        46.0790000000   1018
      545.7880000000       356.6460000000        28.8140000000   1019
      546.6100000000       302.5880000000        57.1480000000   1020
      547.4400000000       188.1440000000        59.7610000000   1021
      547.0620000000       217.6890000000        82.1670000000   1022
      547.3970000000       262.8240000000        48.4050000000   1023
      547.4900000000       270.9430000000        80.8440000000   1024
      547.9100000000       297.7690000000        81.8860000000   1025
      547.8820000000       372.0120000000        46.4190000000   1026
      548.1500000000       321.9960000000        43.1860000000   1027
      548.0610000000       405.3590000000        56.9260000000   1028
      548.1460000000       411.7820000000        23.0310000000   1029
      548.3990000000       538.6330000000        96.5160000000   1030
      548.8660000000       547.8390000000        64.1300000000   1031
      548.6560000000       658.1490000000       103.9660000000   1032
      549.2180000000       205.8270000000        18.9860000000   1033
      549.4860000000       389.2000000000        30.6570000000   1034
      549.4040000000       606.5940000000       104.1290000000   1035
      549.7630000000       326.9950000000        31.1590000000   1036
      549.6550000000       360.8260000000        32.0090000000   1037
      549.7160000000       434.3060000000        79.4800000000   1038
      550.9170000000       338.9000000000        39.5880000000   1039
      551.1980000000       277.4910000000        58.4080000000   1040
      551.5450000000       330.0690000000        77.4950000000   1041
      552.1350000000       650.5100000000       102.4900000000   1042
      552.6220000000       396.5260000000        23.9540000000   1043
      552.4510000000       401.5400000000        34.0080000000   1044
      552.6890000000       421.0640000000        82.1400000000   1045
      552.2720000000       657.8760000000       113.4550000000   1046
      552.9380000000       335.9300000000        20.8510000000   1047
      553.2790000000       328.5260000000        42.7960000000   1048
      554.2860000000       303.3210000000        69.3640000000   1049
      554.8630000000       387.9940000000        39.4460000000   1050
      555.4510000000       244.8720000000        67.0800000000   1051
      555.4930000000       283.1400000000        85.9690000000   1052
      555.7580000000       372.4840000000        30.8420000000   1053
      555.3970000000       553.6860000000       113.7550000000   1054
      556.2090000000       355.4770000000        83.9230000000   1055
      555.9210000000       530.3060000000       104.8140000000   1056
      556.8710000000       218.3250000000        84.2730000000   1057
      557.8550000000       247.4950000000        79.2660000000   1058
      557.7770000000       350.4880000000        51.3870000000   1059
      557.6560000000       372.4080000000        87.3610000000   1060
      557.5860000000       455.6140000000        34.4260000000   1061
      558.3700000000       508.2940000000        45.6270000000   1062
      558.2770000000       668.9990000000       108.8090000000   1063
      558.8860000000       184.0850000000        77.3780000000   1064
      558.7080000000       298.3120000000        44.0690000000   1065
      559.2960000000       327.9470000000        30.0830000000   1066
      559.3850000000       376.2320000000        53.4470000000   1067
      559.7230000000       515.3570000000        78.6580000000   1068
      560.4060000000       344.4950000000        45.9100000000   1069
      560.1650000000       387.8550000000        85.7710000000   1070
      560.0760000000       394.4600000000        72.6880000000   1071
      560.3460000000       419.4890000000        95.6680000000   1072
      561.7640000000       210.3520000000        71.3070000000   1073
      561.6110000000       548.4040000000        62.5210000000   1074
      561.7130000000       588.9850000000        97.8600000000   1075
      562.3060000000       179.2190000000        58.9610000000   1076
      562.4290000000       489.8790000000       105.2820000000   1077
      562.9410000000       278.0300000000        71.4300000000   1078
      562.9430000000       469.3020000000        80.5240000000   1079
      563.5870000000       374.5860000000        83.6090000000   1080
      563.8940000000       540.5300000000       112.9160000000   1081
      564.3700000000       310.1680000000        47.8490000000   1082
      564.2470000000       403.8110000000        52.2050000000   1083
      564.4580000000       580.5560000000        68.6120000000   1084
      564.8370000000       289.7150000000        64.3910000000   1085
      565.1730000000       292.1170000000        50.1360000000   1086
      565.2100000000       505.7060000000        49.5420000000   1087
      565.0810000000       579.3470000000       105.8390000000   1088
      565.4750000000       343.4990000000        85.1330000000   1089
      566.5050000000       524.7990000000       106.6300000000   1090
      567.2130000000       258.3030000000        70.4690000000   1091
      567.0940000000       402.2500000000        91.2550000000   1092
      567.4470000000       258.6970000000        84.4060000000   1093
      567.6910000000       514.4930000000       103.7600000000   1094
      568.3140000000       336.2860000000        44.5840000000   1095
      568.7580000000       276.2210000000        84.1700000000   1096
      568.7090000000       398.5050000000        32.1330000000   1097
      568.6120000000       423.9540000000        35.4510000000   1098
      569.3920000000       324.3290000000        33.4660000000   1099
      569.3010000000       456.5730000000        41.8510000000   1100
      570.8580000000       315.5170000000        82.4510000000   1101
      570.5400000000       348.3070000000        87.1510000000   1102
      571.4740000000       369.5230000000        90.5950000000   1103
      571.8580000000       203.8440000000        71.1770000000   1104
      571.9340000000       227.1400000000        87.5680000000   1105
      572.5720000000       358.9770000000        47.4380000000   1106
      572.5810000000       378.3200000000        48.1830000000   1107
      572.7590000000       496.6670000000        43.2140000000   1108
      573.1490000000       198.0090000000        83.8720000000   1109
      573.9700000000       215.2680000000        82.1310000000   1110
      574.0250000000       300.4060000000        85.8620000000   1111
      575.0290000000       235.0080000000        75.5550000000   1112
      574.9300000000       246.2200000000        70.4600000000   1113
      574.9510000000       265.3810000000        78.2420000000   1114
      575.4010000000       346.5080000000        31.2800000000   1115
      575.2180000000       469.0870000000        82.8490000000   1116
      575.6310000000       536.2030000000        57.6250000000   1117
      575.8020000000       242.4620000000        89.6330000000   1118
      576.0900000000       274.3150000000        74.5980000000   1119
      575.7190000000       294.0490000000        72.5560000000   1120
      575.9520000000       321.1410000000        56.6240000000   1121
      575.7010000000       435.8980000000        85.8020000000   1122
      575.6860000000       557.1130000000       125.0310000000   1123
      576.8370000000       326.1240000000        49.7510000000   1124
      576.7790000000       486.7720000000       101.5070000000   1125
      577.9530000000       512.2660000000       106.2410000000   1126
      578.3980000000       293.9910000000        88.9670000000   1127
      578.5940000000       471.7020000000        40.9830000000   1128
      578.8210000000       516.6630000000       100.3710000000   1129
      579.4740000000       425.7440000000        49.6950000000   1130
      579.4590000000       555.3630000000        85.2730000000   1131
      579.7000000000       601.1000000000        95.3770000000   1132
      580.0400000000       307.2930000000        66.2250000000   1133
      580.2210000000       365.2550000000        65.6030000000   1134
      580.4110000000       332.6710000000        69.4210000000   1135
      580.4440000000       346.3690000000        80.2320000000   1136
      580.6670000000       500.2610000000       108.5800000000   1137
      581.1470000000       340.5540000000        53.0930000000   1138
      580.9830000000       368.8300000000        49.2460000000   1139
      581.5180000000       466.8650000000        93.3790000000   1140
      582.8240000000       302.7980000000        60.0590000000   1141
      582.7640000000       481.0270000000        65.2540000000   1142
      583.2000000000       397.4300000000        52.0130000000   1143
      583.0490000000       404.5390000000        35.6890000000   1144
      583.6970000000       377.5020000000        91.7090000000   1145
      583.5640000000       582.8110000000       106.5460000000   1146
      584.8250000000       371.0270000000        78.5740000000   1147
      584.7670000000       408.8440000000        52.9740000000   1148
      584.9170000000       442.8700000000        37.5480000000   1149
      584.9400000000       557.5090000000        67.7990000000   1150
      585.2870000000       258.6380000000        74.8410000000   1151
      585.2210000000       321.5220000000        84.5810000000   1152
      585.2810000000       569.1300000000       134.5990000000   1153
      585.6590000000       303.2960000000        84.6650000000   1154
      585.6560000000       316.1680000000        76.4220000000   1155
      585.7520000000       574.7820000000       102.1450000000   1156
      586.0190000000       596.4190000000        84.6320000000   1157
      586.3310000000       402.5410000000        49.7100000000   1158
      586.5490000000       443.0970000000        99.1860000000   1159
      586.7860000000       281.8950000000        61.5360000000   1160
      586.7920000000       330.5830000000        51.5490000000   1161
      586.7290000000       402.4310000000        92.7250000000   1162
      587.3030000000       272.2510000000        89.5790000000   1163
      587.8240000000       336.8720000000        76.6930000000   1164
      587.7850000000       430.6840000000        92.4020000000   1165
      588.2850000000       352.7450000000        63.2020000000   1166
      588.3440000000       375.1790000000        90.5170000000   1167
      588.7120000000       441.3140000000        57.9040000000   1168
      588.7300000000       516.1650000000        85.5650000000   1169
      589.6780000000       340.4620000000        67.6500000000   1170
      589.3390000000       372.1460000000        78.1260000000   1171
      589.7430000000       522.5000000000        88.8100000000   1172
      590.3990000000       271.6780000000        77.3720000000   1173
      591.0200000000       245.0350000000        74.9320000000   1174
      591.0250000000       329.5360000000        59.0310000000   1175
      591.0520000000       424.5110000000        98.5820000000   1176
      591.2220000000       547.9220000000       127.8170000000   1177
      591.1010000000       560.6340000000       136.6840000000   1178
      591.9940000000       299.4780000000        69.5100000000   1179
      591.9500000000       456.8590000000        61.2240000000   1180
      592.6930000000       412.2170000000        80.1940000000   1181
      592.3740000000       457.7720000000       102.7180000000   1182
      592.4330000000       530.7520000000        63.8850000000   1183
      592.9720000000       278.7950000000        91.2300000000   1184
      593.0180000000       427.8590000000        48.6290000000   1185
      593.5010000000       564.4860000000       134.9940000000   1186
      593.4760000000       568.4570000000       124.3030000000   1187
      594.3310000000       346.8990000000        85.4190000000   1188
      594.0900000000       366.9290000000        82.6660000000   1189
      594.3080000000       540.9770000000        94.0250000000   1190
      594.7260000000       440.8300000000        45.6050000000   1191
      594.6150000000       468.2150000000        46.2730000000   1192
      594.6550000000       474.9650000000        63.7810000000   1193
      595.1860000000       345.2700000000        60.6520000000   1194
      595.2720000000       589.4340000000       110.3930000000   1195
      595.9080000000       494.6270000000       113.6050000000   1196
      596.2260000000       533.2430000000       127.0870000000   1197
      596.7590000000       345.8680000000        71.3040000000   1198
      596.8940000000       388.1420000000        80.0480000000   1199
      596.6620000000       391.1290000000        63.1860000000   1200
      597.2800000000       263.2220000000        80.8440000000   1201
      597.2510000000       508.3420000000        56.1290000000   1202
      598.1240000000       270.8320000000        94.8620000000   1203
      598.2410000000       391.2540000000        41.7390000000   1204
      598.5480000000       514.0050000000        94.8550000000   1205
      598.2210000000       515.3270000000       113.2590000000   1206
      598.8940000000       587.0870000000       130.0670000000   1207
      598.6290000000       612.0210000000       142.6000000000   1208
      599.5630000000       578.7880000000       115.6940000000   1209
      599.7440000000       421.3250000000        93.8430000000   1210
      600.1110000000       540.9370000000       134.7250000000   1211
      599.8340000000       592.5790000000       110.4910000000   1212
      600.3320000000       570.2980000000       143.4360000000   1213
      601.5010000000       353.9340000000        83.4350000000   1214
      601.2670000000       480.0140000000       102.3920000000   1215
      601.2580000000       482.8730000000        48.0540000000   1216
      601.4240000000       536.1640000000        76.1070000000   1217
      601.7130000000       291.2730000000        73.3690000000   1218
      601.7240000000       326.0520000000        81.7170000000   1219
      601.9860000000       360.7300000000        75.2790000000   1220
      601.9280000000       440.6530000000       100.1320000000   1221
      602.3440000000       527.9920000000       101.2190000000   1222
      602.6760000000       579.0410000000       139.8760000000   1223
      602.9430000000       334.0940000000        70.1550000000   1224
      603.4070000000       544.5700000000       134.2230000000   1225
      604.1030000000       498.6130000000        73.1900000000   1226
      604.6620000000       313.7550000000        86.8860000000   1227
      604.5680000000       391.3270000000       100.7540000000   1228
      604.7280000000       406.7670000000        54.2400000000   1229
      604.4740000000       589.6840000000       145.6790000000   1230
      604.9880000000       561.4940000000       126.2670000000   1231
      605.7400000000       515.6040000000       114.9120000000   1232
      606.3960000000       425.6800000000        66.0390000000   1233
      606.7030000000       466.5460000000        79.1360000000   1234
      607.2650000000       374.4770000000        64.8130000000   1235
      607.2410000000       497.8310000000       113.1880000000   1236
      606.9110000000       503.5330000000        87.2540000000   1237
      607.2450000000       597.8780000000       101.3270000000   1238
      607.6760000000       368.9400000000        98.9520000000   1239
      607.7900000000       398.8260000000        66.1170000000   1240
      607.6760000000       474.8610000000       114.9790000000   1241
      608.2900000000       305.4790000000        90.0490000000   1242
      608.1650000000       379.6540000000        65.3030000000   1243
      608.6400000000       459.1250000000        66.1500000000   1244
      608.6590000000       531.0040000000        89.0990000000   1245
      609.1430000000       385.2930000000        76.7720000000   1246
      609.2040000000       536.1010000000       128.8790000000   1247
      609.8280000000       408.9910000000        69.7740000000   1248
      609.5760000000       568.3920000000        81.2250000000   1249
      609.6300000000       610.8190000000       113.8310000000   1250
      610.4030000000       326.2430000000        84.7770000000   1251
      610.0540000000       557.5710000000       111.2300000000   1252
      610.9780000000       415.4540000000       102.6370000000   1253
      610.7010000000       455.0970000000       105.7820000000   1254
      611.2960000000       349.0060000000        63.5050000000   1255
      612.0900000000       494.6020000000        87.2130000000   1256
      612.0730000000       551.5620000000       145.5390000000   1257
      612.2110000000       467.1360000000        68.1250000000   1258
      612.2170000000       485.9900000000       106.5080000000   1259
      613.0610000000       404.4790000000        61.8930000000   1260
      612.8920000000       547.8510000000       116.4120000000   1261
      613.5580000000       554.7100000000       125.2940000000   1262
      613.6620000000       581.1900000000        98.2020000000   1263
      614.6320000000       503.2930000000       122.3020000000   1264
      614.3470000000       510.2520000000       115.9850000000   1265
      614.8850000000       349.1510000000        87.3310000000   1266
      614.9580000000       414.5730000000        85.6430000000   1267
      614.8180000000       544.0450000000       107.2210000000   1268
      615.6370000000       441.9190000000       101.0070000000   1269
      615.5810000000       515.0530000000        71.4400000000   1270
      615.9760000000       457.6090000000        93.6560000000   1271
      616.6710000000       408.5560000000        91.4070000000   1272
      616.3070000000       579.6300000000       115.7740000000   1273
      617.2390000000       462.3600000000        87.2490000000   1274
      616.9150000000       591.4250000000       122.4750000000   1275
      617.6180000000       475.5720000000        75.3020000000   1276
      617.7210000000       559.1500000000       132.2010000000   1277
      617.7680000000       580.9810000000       156.3410000000   1278
      618.6360000000       429.6920000000       107.6100000000   1279
      618.7460000000       483.2790000000        73.3880000000   1280
      618.9480000000       311.8090000000        69.1160000000   1281
      619.0760000000       497.5990000000        89.2420000000   1282
      618.9820000000       542.2580000000       141.2410000000   1283
      619.5410000000       375.7790000000        94.4360000000   1284
      619.5120000000       413.5970000000        87.7980000000   1285
      619.6360000000       516.3590000000        99.3380000000   1286
      620.7180000000       492.6130000000       116.6300000000   1287
      620.9110000000       530.4820000000       108.4880000000   1288
      621.1650000000       394.6570000000        39.7760000000   1289
      621.4060000000       443.1100000000       109.9710000000   1290
      621.3700000000       562.9750000000       113.0530000000   1291
      621.5620000000       389.7450000000       101.5920000000   1292
      621.5320000000       427.1500000000        74.2030000000   1293
      621.6530000000       475.1780000000       121.3930000000   1294
      622.4390000000       362.2840000000        98.5380000000   1295
      622.5100000000       436.1000000000        51.9420000000   1296
      622.8480000000       462.3710000000        99.5680000000   1297
      622.6960000000       498.3460000000       116.7610000000   1298
      622.5490000000       584.4910000000        84.9770000000   1299
      623.1730000000       392.5890000000        89.3350000000   1300
      623.9940000000       394.7040000000       101.6380000000   1301
      624.6090000000       477.4650000000       104.8400000000   1302
      624.3370000000       479.8600000000        86.8200000000   1303
      624.9340000000       433.4380000000        81.4990000000   1304
      625.0100000000       515.1610000000        96.6730000000   1305
      625.4640000000       365.6520000000        86.2240000000   1306
      625.4620000000       440.1340000000        67.8250000000   1307
      625.4190000000       513.2150000000        84.6930000000   1308
      626.0060000000       495.8690000000        88.2330000000   1309
      626.5990000000       332.9400000000        68.3560000000   1310
      627.1450000000       398.4950000000        57.0680000000   1311
      627.0260000000       426.6180000000        88.7380000000   1312
      627.4690000000       410.0760000000        94.1430000000   1313
      627.2440000000       496.1050000000       104.3720000000   1314
      628.4550000000       415.7820000000       110.6130000000   1315
      628.4030000000       472.7120000000        89.9000000000   1316
      628.4710000000       477.3330000000       102.5160000000   1317
      628.7320000000       547.2500000000        95.6330000000   1318
      628.5780000000       557.4930000000        96.2190000000   1319
      630.1400000000       398.3910000000        49.7820000000   1320
      630.3560000000       437.0170000000        90.9570000000   1321
      630.9760000000       414.3140000000        76.3020000000   1322
      631.7000000000       518.5540000000       110.6690000000   1323
      632.0910000000       446.7560000000        76.6610000000   1324
      633.2150000000       378.3370000000        86.9840000000   1325
      633.2250000000       398.1760000000        76.7870000000   1326
      634.7630000000       417.7730000000        85.5560000000   1327
      634.5460000000       443.4200000000       121.4740000000   1328
      634.6170000000       460.0520000000       108.0870000000   1329
      635.4830000000       418.1640000000       113.9950000000   1330
      635.1920000000       488.0320000000       131.5930000000   1331
      635.4630000000       507.2990000000       107.2840000000   1332
      635.6170000000       394.7080000000       102.2390000000   1333
      635.6350000000       476.5050000000        94.0630000000   1334
      638.8890000000       540.1820000000        76.3120000000   1335
      639.2930000000       360.1730000000        92.3330000000   1336
      639.3970000000       451.1870000000        87.5660000000   1337
      640.2510000000       486.8180000000        98.9900000000   1338
      641.5090000000       338.5420000000        85.1550000000   1339
      641.4180000000       495.5880000000       110.8500000000   1340
      642.1170000000       517.5500000000       136.8360000000   1341
      646.6640000000       420.7760000000       117.5440000000   1342
      648.9050000000       424.4800000000       105.2730000000   1343
       59.4370000000       220.0080000000        25.8960000000   1344
       76.4930000000       207.5860000000        17.8980000000   1345
      137.3060000000       293.2590000000        35.8430000000   1346
      170.8030000000       255.9690000000        10.2340000000   1347
      175.4580000000       492.9330000000        89.3550000000   1348
      188.6070000000       448.4370000000        49.0250000000   1349
      204.2860000000       409.3820000000        15.3940000000   1350
      203.9560000000       523.8510000000        85.9640000000   1351
      221.0100000000       532.8600000000        87.0370000000   1352
      247.4670000000       450.5910000000        70.7680000000   1353
      246.7250000000       494.9410000000        71.0890000000   1354
      259.1880000000       352.5680000000        13.4010000000   1355
      272.1270000000       514.6990000000        84.3180000000   1356
      272.2590000000       515.1330000000        81.7780000000   1357
      281.6350000000       491.1660000000        29.0990000000   1358
      315.3520000000       486.5870000000        14.1420000000   1359
      339.5820000000       615.3000000000        98.7760000000   1360
      346.7830000000       607.9690000000        87.5740000000   1361
      352.4530000000       128.7530000000        17.6600000000   1362
      367.2240000000       634.8120000000       104.0130000000   1363
      386.1460000000       615.6880000000        86.3460000000   1364
      395.1240000000       208.2240000000        16.8250000000   1365
      411.4350000000       247.1530000000        11.2840000000   1366
      420.7310000000       559.5560000000        38.0230000000   1367
      422.7020000000       582.2220000000        44.7490000000   1368
      434.2830000000       345.1310000000        25.3500000000   1369
      437.5250000000       645.3350000000       113.1060000000   1370
      474.6180000000       305.1930000000        26.1290000000   1371
      485.8510000000       353.6530000000        11.7940000000   1372
      487.3080000000       212.8940000000        10.5180000000   1373
      491.7180000000       233.3690000000        30.8770000000   1374
      497.0940000000       452.8060000000        66.6070000000   1375
      503.6770000000       352.1180000000         9.8230000000   1376
      504.2570000000       618.6460000000        69.3090000000   1377
      520.6390000000       276.8430000000        18.5420000000   1378
      524.3570000000       430.7200000000        26.4950000000   1379
      617.1030000000       408.4240000000        98.7000000000   1380
      626.4870000000       537.7630000000       104.8870000000   1381
      630.5230000000       479.5690000000       124.5650000000   1382
