       96.4860000000       205.4360000000        74.9330000000      0
      105.1600000000       325.3010000000        94.6110000000      1
      105.5470000000       244.5020000000        81.8250000000      2
      110.8750000000       241.4940000000        69.5050000000      3
      110.4530000000       307.0320000000        78.4530000000      4
      111.1170000000       288.4740000000        69.1690000000      5
      112.0390000000       208.6730000000        63.2730000000      6
      116.1200000000       258.5240000000        52.9150000000      7
      119.5430000000       204.0130000000        76.0030000000      8
      119.5700000000       324.3330000000        63.4840000000      9
      121.7370000000       263.2590000000        56.0550000000     10
      122.2530000000       320.1160000000        82.3690000000     11
      122.5660000000       233.3970000000        66.9800000000     12
      122.6050000000       344.6970000000        76.4040000000     13
      124.6840000000       284.3780000000        75.3180000000     14
      125.3970000000       335.8210000000        85.9200000000     15
      125.6990000000       355.1200000000        74.8080000000     16
      127.2970000000       219.8590000000        55.6090000000     17
      127.2750000000       249.9210000000        53.5290000000     18
      129.6510000000       195.1070000000        68.6450000000     19
      129.4340000000       287.0220000000        68.8570000000     20
      132.2500000000       323.9430000000        57.7520000000     21
      133.1660000000       235.5090000000        69.6130000000     22
      132.9380000000       240.8290000000        49.4720000000     23
      134.1750000000       244.4210000000        72.2540000000     24
      134.6180000000       204.4790000000        59.1640000000     25
      135.2830000000       358.7370000000        69.2390000000     26
      135.6650000000       312.5350000000        76.0450000000     27
      136.0380000000       249.9820000000        70.6470000000     28
      136.1000000000       324.2060000000        76.2040000000     29
      136.1760000000       358.4040000000        81.4030000000     30
      136.7490000000       337.3130000000        68.0100000000     31
      137.2770000000       322.0470000000        57.4280000000     32
      137.0720000000       385.9460000000        75.1970000000     33
      138.9470000000       261.4690000000        57.1370000000     34
      139.6060000000       238.8470000000        49.9560000000     35
      140.2550000000       189.4690000000        69.2120000000     36
      141.4100000000       283.8950000000        72.0930000000     37
      141.5480000000       368.0370000000        93.0060000000     38
      142.1460000000       208.5870000000        61.7110000000     39
      142.3190000000       191.8860000000        49.2870000000     40
      142.4690000000       299.3500000000        82.9690000000     41
      142.4560000000       307.2060000000        64.7760000000     42
      145.7900000000       362.3350000000        71.7950000000     43
      146.3130000000       235.5460000000        67.5580000000     44
      146.2450000000       244.7250000000        39.2980000000     45
      145.9060000000       285.2370000000        47.5100000000     46
      146.7730000000       335.9680000000        62.0330000000     47
      148.0430000000       212.5440000000        52.3050000000     48
      148.3270000000       378.6140000000        72.4320000000     49
      149.3470000000       412.7350000000        96.5520000000     50
      149.1320000000       429.7400000000        98.9390000000     51
      149.6120000000       357.3280000000        73.6800000000     52
      150.1690000000       311.5690000000        78.7400000000     53
      150.4620000000       374.7590000000        75.7320000000     54
      150.8670000000       320.0720000000        68.6890000000     55
      151.3270000000       237.6780000000        46.7910000000     56
      151.4040000000       255.8650000000        62.6380000000     57
      153.1160000000       194.6240000000        49.7510000000     58
      152.8080000000       372.3730000000        59.0510000000     59
      152.9570000000       382.4380000000        78.0240000000     60
      153.2270000000       329.1280000000        64.1100000000     61
      154.0240000000       258.2270000000        45.6650000000     62
      154.1880000000       347.6590000000        79.8070000000     63
      154.5250000000       249.2780000000        42.3450000000     64
      154.3330000000       269.9410000000        58.5770000000     65
      154.6310000000       325.7390000000        78.5010000000     66
      154.4340000000       414.2890000000        77.4360000000     67
      155.1860000000       379.0470000000        80.9670000000     68
      154.8880000000       435.7860000000        80.3020000000     69
      155.4160000000       190.2560000000        69.8560000000     70
      155.3580000000       244.9460000000        55.1760000000     71
      156.2930000000       364.4620000000        73.7160000000     72
      156.7260000000       368.1960000000        48.8640000000     73
      156.6830000000       420.7370000000        69.3660000000     74
      157.2660000000       298.2720000000        59.0380000000     75
      157.6190000000       314.3610000000        38.7680000000     76
      157.5380000000       424.6420000000        76.6840000000     77
      158.3000000000       304.4820000000        46.3120000000     78
      157.8630000000       376.7960000000        36.5330000000     79
      159.4440000000       329.4310000000        64.2760000000     80
      160.1440000000       204.0390000000        63.1130000000     81
      160.3060000000       447.2550000000        86.7980000000     82
      160.7900000000       292.8570000000        74.6370000000     83
      160.6320000000       369.1620000000        79.0790000000     84
      161.2410000000       176.7470000000        61.3390000000     85
      161.4040000000       340.6850000000        59.2790000000     86
      161.6900000000       224.1540000000        71.1380000000     87
      162.2480000000       420.6150000000        87.0530000000     88
      162.8160000000       219.5360000000        50.9470000000     89
      162.6330000000       357.5830000000        81.6500000000     90
      162.7450000000       398.2830000000        67.6760000000     91
      163.2900000000       185.0790000000        48.4830000000     92
      163.3660000000       330.1170000000        79.0970000000     93
      163.4770000000       340.8090000000        81.7070000000     94
      164.4280000000       190.0040000000        65.7190000000     95
      164.3640000000       263.6100000000        74.0600000000     96
      164.1440000000       267.1100000000        32.6190000000     97
      164.1800000000       309.2060000000        58.5390000000     98
      165.0620000000       175.0170000000        45.0960000000     99
      165.1030000000       367.8190000000        38.6730000000    100
      164.7050000000       380.5020000000        56.6930000000    101
      165.5140000000       262.4590000000        64.9270000000    102
      165.3960000000       337.6400000000        49.1260000000    103
      165.7510000000       407.8190000000        89.6410000000    104
      167.2090000000       263.8800000000        54.4900000000    105
      167.0880000000       306.7740000000        73.8070000000    106
      167.4170000000       234.1650000000        61.2960000000    107
      168.2260000000       327.1090000000        56.2390000000    108
      169.2860000000       212.0110000000        37.9750000000    109
      169.0300000000       406.9180000000        59.5050000000    110
      170.1980000000       177.6680000000        60.1310000000    111
      170.1560000000       281.8700000000        76.3870000000    112
      170.2330000000       328.5600000000        46.4120000000    113
      170.2590000000       397.1120000000        74.0380000000    114
      170.6760000000       164.9720000000        51.1130000000    115
      170.6270000000       434.1130000000        64.1110000000    116
      171.1060000000       207.7920000000        49.3280000000    117
      171.4470000000       351.4060000000        47.6800000000    118
      172.5280000000       171.6280000000        47.0160000000    119
      173.8600000000       342.3610000000        64.0330000000    120
      173.6850000000       437.9890000000        82.7260000000    121
      174.1030000000       189.6960000000        63.5470000000    122
      174.3060000000       326.0510000000        75.4500000000    123
      174.8330000000       141.0520000000        47.9370000000    124
      174.6180000000       382.3930000000        65.0780000000    125
      174.5680000000       406.1190000000        82.1290000000    126
      174.9710000000       424.1630000000        94.2240000000    127
      175.4490000000       201.3640000000        65.5630000000    128
      175.7570000000       221.7620000000         9.3100000000    129
      177.3890000000       279.0410000000        70.7990000000    130
      178.0190000000       167.2870000000        56.0240000000    131
      177.6980000000       186.3560000000        33.7320000000    132
      177.9690000000       224.8150000000        65.5660000000    133
      177.8170000000       246.6200000000        66.6260000000    134
      178.1350000000       310.9050000000        65.6160000000    135
      178.3030000000       251.7320000000        48.7810000000    136
      178.3830000000       367.6240000000        75.9160000000    137
      178.6500000000       371.6020000000        55.7170000000    138
      179.1020000000       246.2980000000        49.5840000000    139
      179.0640000000       259.4450000000        69.4020000000    140
      179.6580000000       104.7330000000        15.3260000000    141
      179.5340000000       371.3480000000        46.9330000000    142
      179.4910000000       404.6230000000        55.4220000000    143
      179.5250000000       419.3510000000        73.7810000000    144
      179.9630000000       396.3150000000        82.2290000000    145
      179.9670000000       431.0210000000        75.3570000000    146
      179.9830000000       436.8490000000        69.4890000000    147
      180.5270000000       279.1340000000        35.1250000000    148
      180.5120000000       320.4570000000        73.7760000000    149
      181.1110000000       285.4550000000        20.4150000000    150
      182.1510000000       350.8540000000        40.4900000000    151
      182.5080000000       108.1970000000        17.1990000000    152
      183.0480000000       333.5820000000        36.8780000000    153
      183.5840000000       120.2000000000        50.8440000000    154
      183.7840000000       428.3400000000        91.5050000000    155
      184.3390000000       322.8450000000        81.4900000000    156
      184.5110000000       137.5880000000        27.6040000000    157
      185.3950000000       225.7190000000        20.3200000000    158
      184.9790000000       428.5920000000        74.6790000000    159
      185.9760000000       299.2230000000        65.9420000000    160
      185.8730000000       358.1960000000        43.6900000000    161
      186.3000000000       188.4630000000        30.3730000000    162
      186.3710000000       283.3770000000        59.9490000000    163
      186.3040000000       314.3460000000        33.5520000000    164
      186.9120000000       215.3860000000        35.2710000000    165
      186.7780000000       450.5860000000        76.4710000000    166
      187.3070000000       231.8970000000        19.9230000000    167
      187.2930000000       425.9170000000        87.1140000000    168
      187.7010000000       186.9820000000        20.7920000000    169
      187.8370000000       408.8230000000        83.8550000000    170
      188.4200000000       427.7450000000        58.9200000000    171
      189.4030000000       333.7970000000        67.6700000000    172
      189.4770000000       443.1370000000        77.2560000000    173
      190.0210000000       328.9370000000        24.8360000000    174
      190.1370000000       466.9850000000        76.7000000000    175
      190.4860000000       443.5420000000        44.6800000000    176
      191.0100000000       460.0640000000        96.2740000000    177
      190.8940000000       500.2210000000        93.7370000000    178
      191.4760000000       201.5410000000        30.2870000000    179
      191.9020000000       272.9680000000        26.8080000000    180
      191.8160000000       472.6590000000        95.0980000000    181
      192.5760000000       298.8230000000        19.5370000000    182
      192.3250000000       320.0690000000        50.7610000000    183
      192.6930000000       397.9800000000        43.1620000000    184
      193.2310000000       433.2300000000        65.8510000000    185
      193.3780000000       224.0080000000        32.0300000000    186
      194.1390000000        99.6350000000        22.0340000000    187
      194.0750000000       389.8010000000        80.7060000000    188
      194.6700000000       364.8220000000        41.5000000000    189
      194.9480000000        82.8950000000        16.3990000000    190
      195.2280000000       266.8090000000        12.9920000000    191
      194.9570000000       397.4700000000        72.2560000000    192
      196.3870000000       147.8970000000        16.4520000000    193
      196.0010000000       235.7950000000        69.5180000000    194
      196.0640000000       258.3470000000        12.9730000000    195
      196.0350000000       428.6200000000        56.2020000000    196
      196.8990000000       195.0170000000        12.9530000000    197
      196.5290000000       383.2860000000        35.9870000000    198
      196.8560000000       465.1450000000        75.7940000000    199
      197.2280000000       135.9940000000        40.5360000000    200
      196.9360000000       286.1250000000        60.3800000000    201
      197.0620000000       361.4040000000        77.3350000000    202
      197.2230000000       418.0280000000        83.5300000000    203
      198.0510000000       343.7460000000        26.5440000000    204
      198.9140000000       201.7490000000        27.3950000000    205
      198.7350000000       207.1480000000        24.7140000000    206
      198.7200000000       221.6010000000        71.1260000000    207
      198.9430000000       478.7900000000        75.9270000000    208
      199.4570000000       446.6960000000        87.2930000000    209
      199.7380000000        99.5660000000        52.6490000000    210
      199.8990000000       293.6200000000        20.2290000000    211
      200.3150000000       449.9960000000        64.7060000000    212
      201.9920000000       166.0860000000        39.0330000000    213
      201.6660000000       228.8910000000        10.7420000000    214
      201.6500000000       484.8660000000       105.4340000000    215
      202.3420000000       375.2710000000        77.1220000000    216
      202.1470000000       405.8890000000        84.4180000000    217
      202.9930000000       449.7160000000        93.8980000000    218
      202.9850000000       477.8160000000        58.4780000000    219
      203.6480000000       460.1480000000        98.3820000000    220
      204.1020000000       247.8540000000        15.3440000000    221
      203.8050000000       274.9320000000        12.1110000000    222
      204.4530000000        70.1520000000        21.3270000000    223
      204.9930000000       328.9520000000        20.7260000000    224
      205.1970000000       503.1610000000       111.1300000000    225
      205.4820000000       198.0910000000        12.8840000000    226
      205.3660000000       369.1650000000        27.5520000000    227
      206.6760000000       391.4770000000        77.9260000000    228
      207.4830000000       257.4360000000        32.7220000000    229
      208.3360000000       135.2920000000        19.7890000000    230
      207.9270000000       284.3930000000        72.7080000000    231
      208.0200000000       483.7720000000        77.2160000000    232
      207.9780000000       488.4610000000        74.4770000000    233
      208.4520000000       124.6230000000        25.8450000000    234
      208.6760000000       219.6170000000        63.1930000000    235
      208.8470000000       267.8060000000        18.2410000000    236
      208.6230000000       435.4640000000        88.6800000000    237
      209.8540000000       275.1230000000        19.0660000000    238
      209.7010000000       280.2070000000        61.6170000000    239
      209.9320000000       414.0810000000        29.0430000000    240
      210.1850000000         6.8370000000        27.8060000000    241
      210.3000000000        78.7200000000        20.0450000000    242
      210.3070000000       291.9310000000        26.8590000000    243
      210.3250000000       460.0300000000        91.7170000000    244
      210.1740000000       496.8150000000        86.6620000000    245
      210.8700000000       183.7480000000        14.5650000000    246
      210.5610000000       248.6380000000        12.3490000000    247
      210.8320000000       337.7720000000        36.2970000000    248
      211.2610000000        14.5490000000        26.0560000000    249
      211.3310000000       340.5880000000        16.2870000000    250
      212.1100000000       147.9170000000        16.3300000000    251
      212.2260000000       461.5620000000        53.8250000000    252
      213.0000000000       145.8250000000        34.5920000000    253
      212.9200000000       344.7510000000        42.1680000000    254
      212.8800000000       476.5010000000        94.1850000000    255
      212.7120000000       511.7420000000        98.1260000000    256
      213.3520000000        64.9750000000        15.2570000000    257
      213.5460000000       285.6970000000        39.4930000000    258
      213.3300000000       328.5110000000        13.8790000000    259
      214.4380000000         9.7420000000        32.0610000000    260
      214.4370000000       103.5100000000        20.9060000000    261
      214.2540000000       111.7800000000        29.0150000000    262
      214.5390000000       367.3330000000        26.3270000000    263
      214.7110000000        33.7840000000        11.1320000000    264
      215.3170000000       238.9380000000        16.9490000000    265
      215.5230000000       386.3750000000        53.2860000000    266
      215.3430000000       396.2520000000        45.5480000000    267
      215.5670000000       415.1200000000        27.7260000000    268
      215.8410000000        38.7510000000        11.5480000000    269
      215.8990000000       128.5900000000        17.0740000000    270
      216.0470000000       439.5020000000        89.4690000000    271
      216.4840000000       164.0330000000        15.1040000000    272
      216.2330000000       309.2240000000        15.9660000000    273
      216.5380000000       413.3060000000        39.3770000000    274
      216.5310000000       451.1530000000        92.5780000000    275
      216.2970000000       493.3150000000       109.1610000000    276
      217.0660000000       263.6240000000        27.5910000000    277
      217.1550000000       334.0430000000        61.5110000000    278
      217.1970000000       417.1480000000        81.5380000000    279
      217.3170000000        43.3290000000        13.0320000000    280
      217.4650000000       333.5830000000        15.4090000000    281
      217.2470000000       482.5980000000        64.5180000000    282
      217.9870000000        93.8070000000        16.6090000000    283
      217.9450000000       393.7590000000        29.1810000000    284
      217.9720000000       460.9860000000        93.5450000000    285
      218.1220000000       483.1190000000        88.9480000000    286
      218.5960000000       487.3110000000       110.5570000000    287
      218.6150000000       492.0410000000        60.1780000000    288
      218.5780000000       521.5010000000       108.7470000000    289
      219.1630000000       366.6360000000        24.1440000000    290
      219.2380000000       426.1900000000        69.2270000000    291
      219.1900000000       476.7810000000        53.2980000000    292
      219.7930000000        24.0740000000        18.0210000000    293
      219.4870000000       455.9950000000        62.5480000000    294
      220.7700000000        30.0530000000        35.6940000000    295
      220.7460000000       247.1020000000        29.9000000000    296
      220.9830000000       513.5220000000        67.7310000000    297
      221.5290000000       350.9490000000        16.3980000000    298
      222.1250000000        45.0110000000        16.3550000000    299
      222.3470000000       281.6880000000        10.3390000000    300
      222.3870000000       374.7780000000        55.8380000000    301
      223.3160000000       464.2330000000        58.1110000000    302
      222.9880000000       499.4550000000        81.3720000000    303
      223.9200000000       378.1480000000        24.6770000000    304
      224.0160000000       224.4040000000         7.7630000000    305
      224.5700000000       526.6360000000        88.2090000000    306
      225.1370000000       186.5620000000        29.3980000000    307
      226.0630000000       477.4650000000       107.3780000000    308
      226.3120000000       158.0920000000        11.2600000000    309
      226.4950000000       417.1110000000        86.1960000000    310
      226.3090000000       486.7080000000        69.5530000000    311
      226.9320000000       150.4760000000         8.4730000000    312
      226.8410000000       202.1020000000        49.8360000000    313
      227.4260000000        81.6030000000        43.3050000000    314
      227.2840000000       399.6770000000        44.6690000000    315
      227.3580000000       457.2360000000        49.5630000000    316
      227.3260000000       538.1260000000       107.5180000000    317
      228.0440000000       300.6910000000        37.9680000000    318
      227.9390000000       333.8910000000        51.0240000000    319
      227.8440000000       461.2910000000        93.1370000000    320
      228.5220000000       467.0770000000        66.7560000000    321
      228.4720000000       493.5030000000        82.3200000000    322
      228.9010000000       235.9350000000        15.5130000000    323
      229.2320000000       342.3990000000        32.6960000000    324
      229.5730000000       523.8270000000       112.6080000000    325
      230.2440000000       152.3160000000        43.7380000000    326
      229.8610000000       460.8780000000        43.6300000000    327
      230.7590000000       110.4940000000        40.2370000000    328
      230.5150000000       513.6090000000        97.6590000000    329
      231.3000000000       540.1170000000        84.6260000000    330
      231.7960000000        86.0260000000         6.6380000000    331
      231.5800000000       282.8270000000         8.8380000000    332
      231.6350000000       288.3430000000         9.9480000000    333
      231.4410000000       315.6220000000        17.7550000000    334
      231.3200000000       493.7590000000       107.9080000000    335
      233.0070000000       340.9200000000        34.6780000000    336
      233.6100000000       212.3760000000        30.8580000000    337
      233.7960000000       412.2190000000        83.0330000000    338
      234.3860000000         4.6560000000         7.7930000000    339
      234.0080000000       294.8730000000        44.2010000000    340
      234.0170000000       379.0990000000        23.1080000000    341
      234.2660000000       465.5480000000        42.2130000000    342
      234.1000000000       493.4880000000       100.1940000000    343
      234.4390000000       487.5050000000        73.8690000000    344
      235.1720000000       236.2490000000        33.7720000000    345
      235.7640000000       140.3250000000        38.1200000000    346
      235.5120000000       423.4170000000        57.9230000000    347
      235.7070000000       506.9980000000       110.7860000000    348
      236.3410000000        71.2440000000        11.8400000000    349
      236.1240000000       329.7280000000        11.5770000000    350
      236.1240000000       461.0460000000        41.8830000000    351
      236.6910000000       299.8920000000        34.5060000000    352
      236.7780000000       432.6680000000        35.6170000000    353
      238.2980000000       213.0720000000        61.9250000000    354
      238.2490000000       450.1860000000        82.7250000000    355
      238.6500000000       266.5400000000        11.3820000000    356
      239.0660000000       387.4680000000        23.3210000000    357
      239.6040000000       134.1500000000         8.2410000000    358
      239.5660000000       347.1380000000        39.4740000000    359
      239.4720000000       370.0530000000        31.0650000000    360
      241.1420000000       208.4430000000        60.6890000000    361
      241.0130000000       405.6680000000        48.9300000000    362
      240.8940000000       436.4180000000        66.9180000000    363
      241.0950000000       526.9310000000        90.7330000000    364
      241.4400000000       494.0720000000        84.1780000000    365
      241.9090000000       520.8850000000        62.7830000000    366
      242.4660000000        95.6760000000        42.0280000000    367
      242.7630000000       519.4890000000        76.1950000000    368
      242.8140000000       293.1500000000        64.1580000000    369
      243.2090000000       459.8400000000        61.3770000000    370
      243.0560000000       517.7240000000       109.1850000000    371
      243.8350000000        13.3890000000        29.9210000000    372
      243.9860000000        17.5320000000        34.3680000000    373
      244.0520000000       290.0460000000        30.7030000000    374
      243.9680000000       316.3690000000        11.3690000000    375
      244.4090000000       359.6030000000        30.2440000000    376
      245.2410000000       174.5100000000        58.2930000000    377
      244.9880000000       485.5850000000        99.3480000000    378
      245.2820000000       534.8480000000        99.8090000000    379
      245.5640000000       476.4290000000        45.7960000000    380
      245.8750000000       495.8440000000        56.5780000000    381
      245.5130000000       504.2570000000        74.1370000000    382
      246.1360000000        50.4390000000        44.9810000000    383
      246.8100000000       135.7940000000        20.7980000000    384
      246.8590000000       483.6910000000        58.9450000000    385
      247.0290000000       278.4550000000        10.2610000000    386
      247.3080000000       528.5150000000       109.4590000000    387
      247.7370000000        30.2240000000        15.9720000000    388
      247.9060000000       472.6690000000        96.1890000000    389
      247.6680000000       548.2290000000       108.4490000000    390
      248.0670000000       222.5180000000         6.9140000000    391
      248.1220000000       402.1800000000        21.2200000000    392
      249.0380000000       373.1150000000        22.6630000000    393
      249.1810000000       391.2000000000        73.8270000000    394
      249.0300000000       460.8150000000        61.3830000000    395
      249.2850000000       538.9950000000       106.6460000000    396
      249.6510000000        23.4270000000        35.2380000000    397
      249.6790000000        25.2240000000        40.5480000000    398
      249.9880000000       166.6300000000         5.1880000000    399
      249.6570000000       452.8510000000        36.3130000000    400
      249.8380000000       473.4450000000        43.1840000000    401
      251.2680000000       275.9350000000        11.3180000000    402
      251.3390000000       412.1630000000        25.5090000000    403
      252.0810000000        25.1430000000        13.3550000000    404
      251.8690000000       542.2030000000        75.9940000000    405
      252.2310000000       177.9250000000        46.5790000000    406
      252.2350000000       429.9300000000        60.7740000000    407
      253.0920000000       275.6390000000        41.2980000000    408
      252.9480000000       493.7190000000       100.1250000000    409
      253.4330000000        65.9800000000        10.0630000000    410
      253.6090000000       395.2130000000        38.2280000000    411
      253.5750000000       401.4120000000        77.0880000000    412
      253.5550000000       437.1200000000        82.3360000000    413
      254.0930000000       550.3740000000       119.3180000000    414
      254.2900000000        41.4330000000        41.3430000000    415
      254.2630000000       427.2590000000        29.3450000000    416
      254.7640000000       482.3410000000        66.2190000000    417
      255.4870000000       304.1900000000        20.0560000000    418
      255.8320000000       396.3700000000        21.7000000000    419
      256.7470000000       248.7730000000        50.5300000000    420
      256.5650000000       268.2210000000        64.0720000000    421
      256.7360000000       351.1220000000        56.1960000000    422
      256.6430000000       501.3390000000        56.6180000000    423
      257.3260000000       530.6420000000       117.1720000000    424
      257.4820000000       379.9320000000        54.4450000000    425
      259.1770000000       259.3830000000        57.5220000000    426
      259.4770000000        80.8130000000        37.2500000000    427
      259.9890000000       518.2490000000        71.1720000000    428
      260.2350000000       572.9750000000        90.1230000000    429
      260.5960000000       232.1070000000        54.7190000000    430
      260.5270000000       499.5220000000        54.6750000000    431
      260.7330000000       566.7740000000       130.5420000000    432
      261.4080000000       190.2360000000        26.8070000000    433
      261.0460000000       202.2470000000        40.9110000000    434
      262.2530000000       327.0960000000        63.1560000000    435
      262.2190000000       444.0690000000        32.4480000000    436
      262.6500000000       316.0260000000        69.3910000000    437
      262.9520000000       499.3290000000       107.3540000000    438
      263.4260000000        42.6410000000        17.6460000000    439
      263.8580000000       273.8550000000        46.7490000000    440
      264.6070000000        61.5480000000        28.2920000000    441
      264.3530000000       342.1990000000        66.1500000000    442
      264.4150000000       500.5870000000        77.2420000000    443
      264.4830000000       510.2050000000       106.4270000000    444
      264.5700000000       524.3010000000       109.9690000000    445
      264.4820000000       556.1070000000       123.2640000000    446
      264.9970000000        54.6570000000        12.1640000000    447
      264.7250000000       151.4420000000        30.7810000000    448
      265.8890000000       552.2650000000       106.3150000000    449
      266.6560000000       190.5910000000         9.4640000000    450
      266.7560000000        71.2730000000        31.2750000000    451
      266.9300000000       152.5810000000        19.8510000000    452
      266.8030000000       313.3310000000        11.1850000000    453
      266.8780000000       355.8870000000        65.6330000000    454
      266.7340000000       423.9660000000        25.9550000000    455
      267.3690000000        27.9110000000        25.9480000000    456
      267.6650000000       102.4820000000        40.3720000000    457
      267.3830000000       107.9510000000        40.3360000000    458
      268.0240000000       257.6600000000        43.1820000000    459
      267.7970000000       404.5980000000        88.0030000000    460
      269.1470000000       410.0390000000        86.8680000000    461
      269.2890000000       464.7540000000        85.0910000000    462
      268.9250000000       552.6140000000       124.2080000000    463
      269.4720000000       542.3910000000       101.7420000000    464
      269.9720000000        56.2870000000        13.7400000000    465
      270.2650000000       541.6290000000       124.2070000000    466
      270.5580000000        92.7330000000        13.5140000000    467
      271.1640000000        47.4070000000        27.9180000000    468
      271.0120000000       172.5100000000        18.4610000000    469
      271.6960000000       517.6730000000        58.1230000000    470
      272.5630000000       542.1750000000       112.2430000000    471
      273.0680000000       537.4580000000       122.0310000000    472
      273.9150000000       169.4070000000        36.8310000000    473
      273.8540000000       349.9660000000        30.3390000000    474
      273.6880000000       573.7190000000       118.7050000000    475
      274.6820000000        60.4400000000        28.6340000000    476
      274.9590000000       144.9600000000        18.2170000000    477
      274.7070000000       185.8110000000        31.6170000000    478
      274.8100000000       513.4590000000       112.3330000000    479
      275.0670000000       444.8160000000        31.0060000000    480
      275.4390000000       542.0030000000        76.0240000000    481
      275.6030000000       226.9500000000        30.6000000000    482
      276.2940000000       137.6700000000        23.4460000000    483
      276.3550000000       238.5250000000        17.3210000000    484
      276.2880000000       258.9080000000        40.0500000000    485
      277.9980000000       397.1890000000        68.3270000000    486
      277.9510000000       559.0260000000       103.1100000000    487
      278.4350000000        42.4010000000        17.7970000000    488
      278.2270000000       534.4780000000        63.2940000000    489
      278.8780000000        98.7980000000        13.0900000000    490
      278.9280000000       256.0670000000        14.2550000000    491
      279.0680000000       404.1520000000        31.1940000000    492
      279.3180000000       478.7100000000        97.7110000000    493
      280.0820000000       222.7230000000        40.8080000000    494
      280.0360000000       503.5530000000        48.1270000000    495
      280.5660000000       158.9470000000        20.1430000000    496
      280.4600000000       349.2570000000        58.5570000000    497
      281.2250000000       107.9340000000        52.6470000000    498
      280.8960000000       511.3570000000        92.4920000000    499
      281.5400000000       500.8710000000        68.9400000000    500
      282.1180000000       197.8980000000        17.8810000000    501
      282.2470000000       220.6120000000        30.3880000000    502
      281.9510000000       402.3520000000        60.1190000000    503
      282.5120000000       139.8400000000        59.1910000000    504
      283.1280000000       401.2430000000        65.9530000000    505
      283.7530000000       150.5870000000        58.2570000000    506
      283.8780000000       403.9630000000        83.3390000000    507
      283.8140000000       566.1400000000       131.7390000000    508
      283.6110000000       574.5660000000       102.6530000000    509
      284.0920000000       229.9230000000        36.7430000000    510
      284.6310000000       582.4420000000       114.3400000000    511
      285.3080000000       497.5160000000       104.5570000000    512
      285.0310000000       576.2580000000       125.4020000000    513
      285.7610000000       230.4760000000        13.1790000000    514
      285.9240000000       374.8090000000        27.2980000000    515
      286.1330000000       269.8060000000        18.4440000000    516
      286.7740000000       212.4140000000        19.0980000000    517
      286.6940000000       610.9560000000        99.7490000000    518
      287.2130000000       382.4100000000        19.4310000000    519
      287.9870000000       238.2600000000        27.7230000000    520
      287.9170000000       243.8020000000        38.6070000000    521
      287.9420000000       539.6530000000        67.4880000000    522
      288.4800000000       254.8020000000        41.9080000000    523
      288.7380000000       256.4340000000        27.0520000000    524
      288.6550000000       399.9900000000        66.0590000000    525
      288.7750000000       428.9640000000        33.3230000000    526
      288.9570000000       547.7860000000        65.7990000000    527
      289.1000000000       590.4280000000       152.9580000000    528
      289.1290000000       529.3870000000        79.8810000000    529
      289.1990000000       541.2560000000       116.1740000000    530
      289.1480000000       592.8530000000       136.1400000000    531
      289.5500000000       605.2030000000       143.7990000000    532
      290.1210000000       170.6570000000        11.5740000000    533
      289.8710000000       277.0700000000        40.6370000000    534
      290.4570000000       331.4670000000        52.4530000000    535
      290.3630000000       472.5460000000        43.2150000000    536
      290.9770000000       331.6380000000        33.9230000000    537
      291.3390000000       177.3890000000        14.4750000000    538
      291.4120000000       464.9610000000        88.0160000000    539
      292.4330000000       296.1620000000        15.0830000000    540
      292.2720000000       298.5840000000        30.2210000000    541
      293.3480000000       167.4810000000        11.3600000000    542
      294.5980000000       585.9770000000        91.1530000000    543
      296.0950000000       312.1150000000        26.3380000000    544
      296.5220000000       399.4660000000        68.8960000000    545
      296.7530000000       546.8970000000       118.0570000000    546
      297.7410000000       575.7680000000       113.7360000000    547
      298.3560000000       462.9250000000        45.0990000000    548
      299.3190000000       355.5220000000        27.5870000000    549
      299.1860000000       368.5940000000        52.4020000000    550
      299.0940000000       510.7140000000        88.0870000000    551
      299.7860000000       605.3840000000       125.9020000000    552
      300.4070000000       562.1370000000       137.3220000000    553
      301.3160000000       248.5150000000        24.2850000000    554
      301.4210000000       365.2050000000        34.6230000000    555
      301.8830000000       108.3800000000        25.1760000000    556
      302.3450000000       344.0720000000        52.7630000000    557
      302.8380000000       533.7460000000        85.0530000000    558
      303.6390000000       490.4020000000        47.7760000000    559
      303.9950000000       545.1230000000       125.1700000000    560
      304.6000000000       394.0250000000        31.4650000000    561
      304.5190000000       443.1750000000        39.2130000000    562
      304.2960000000       579.3640000000        84.2160000000    563
      305.0100000000       350.9040000000        52.6550000000    564
      305.1220000000       623.3910000000       117.8160000000    565
      305.3850000000       263.6810000000        27.1710000000    566
      305.6430000000       556.7990000000        86.8460000000    567
      305.4120000000       598.9830000000       102.5660000000    568
      306.1910000000       515.0890000000        52.9640000000    569
      306.5970000000       463.0990000000        39.3420000000    570
      307.0290000000       401.1140000000        53.6450000000    571
      307.8990000000       300.6930000000        24.8890000000    572
      308.1000000000       319.2970000000        41.8710000000    573
      308.2670000000       399.2990000000        68.7160000000    574
      307.8930000000       429.2990000000        49.5710000000    575
      308.0550000000       556.5410000000        71.3310000000    576
      309.0570000000       458.3980000000        39.3760000000    577
      309.2940000000       583.0710000000       113.7280000000    578
      309.1570000000       593.4820000000       142.8900000000    579
      309.5990000000       320.0410000000        29.3990000000    580
      310.0450000000       536.0980000000        64.2590000000    581
      311.0730000000       601.8200000000       132.7620000000    582
      311.9610000000       297.6810000000        41.0240000000    583
      311.6830000000       405.7660000000        63.0530000000    584
      313.5620000000       420.6710000000        70.0110000000    585
      313.2090000000       531.1310000000       116.2990000000    586
      314.2960000000       291.3190000000        36.1140000000    587
      316.3060000000       558.8710000000       107.7250000000    588
      317.3020000000       417.6350000000        51.5820000000    589
      318.2410000000        56.5850000000        17.2810000000    590
      318.1820000000       576.1220000000       118.5140000000    591
      318.3310000000       524.2630000000        55.8520000000    592
      319.6960000000       527.7700000000       107.9210000000    593
      319.9490000000       576.2630000000        83.3600000000    594
      321.1580000000        90.7270000000        20.1880000000    595
      321.2710000000       115.3230000000        19.8530000000    596
      321.1190000000       571.0240000000       106.5220000000    597
      322.3810000000       342.8030000000        17.4240000000    598
      322.3570000000       467.9870000000        50.2340000000    599
      322.4080000000       511.2680000000       105.0520000000    600
      323.8850000000       542.6540000000        60.6440000000    601
      324.5340000000        73.5640000000        19.4160000000    602
      324.3260000000       480.4640000000        55.7200000000    603
      324.1690000000       481.5650000000        95.5820000000    604
      324.8920000000       538.4030000000        59.4690000000    605
      325.9370000000       623.2810000000       120.2570000000    606
      326.2230000000       497.6750000000        94.7660000000    607
      326.5300000000       570.4550000000        91.5530000000    608
      327.0150000000       472.9580000000        60.3950000000    609
      326.8150000000       581.5340000000       146.4060000000    610
      328.9190000000       536.9320000000        65.1040000000    611
      329.6640000000       667.8690000000       131.7200000000    612
      329.9280000000       650.7180000000       117.1420000000    613
      330.5400000000       502.8400000000        71.1100000000    614
      333.2670000000       466.0240000000        79.3060000000    615
      333.9910000000       279.7150000000        11.7570000000    616
      334.1370000000       645.6930000000       150.2710000000    617
      335.1560000000       548.5730000000        99.4150000000    618
      335.2000000000       557.5900000000        75.4310000000    619
      343.8860000000       558.7910000000        91.8140000000    620
      346.9090000000       561.4030000000        81.7110000000    621
      351.1820000000       141.3600000000        13.4290000000    622
      351.5510000000       250.9460000000        19.3770000000    623
      352.2820000000       483.8340000000        69.8490000000    624
      352.8410000000       417.6710000000        30.0270000000    625
      353.3700000000       157.1800000000        10.7160000000    626
      354.6410000000       460.8330000000        26.1960000000    627
      356.0410000000       471.2450000000        32.8310000000    628
      357.0500000000       465.6380000000        46.4860000000    629
      357.9920000000       459.7700000000        40.5470000000    630
      366.4280000000       460.3630000000        55.7330000000    631
      368.0540000000       571.0450000000        89.4190000000    632
      369.3350000000       597.0270000000        89.8090000000    633
      370.3620000000       507.2060000000        63.4850000000    634
      370.5540000000        52.1440000000         9.0660000000    635
      370.6220000000       341.4850000000        18.6330000000    636
      370.4630000000       455.4270000000        54.5530000000    637
      373.0200000000       438.0420000000        28.8350000000    638
      374.4010000000       587.7240000000        86.9730000000    639
      375.4720000000       171.5780000000        15.8400000000    640
      375.3030000000       508.0160000000        63.7320000000    641
      375.4190000000       570.5880000000        94.6920000000    642
      376.4700000000       108.2640000000         7.9170000000    643
      376.8270000000       313.2660000000        23.8840000000    644
      377.7970000000       228.9320000000        17.8660000000    645
      377.9550000000       535.1420000000        78.5810000000    646
      377.9560000000       593.7280000000        88.1490000000    647
      379.8360000000       602.5700000000       100.9770000000    648
      381.7310000000       472.3100000000        75.3320000000    649
      383.2200000000       621.1800000000       103.2750000000    650
      386.5300000000       510.7790000000        60.5800000000    651
      386.9630000000       498.8380000000        61.0880000000    652
      387.0340000000       651.0110000000       123.8600000000    653
      387.2880000000       170.4140000000        12.4630000000    654
      389.4040000000       543.5610000000       109.3480000000    655
      389.2300000000       582.8270000000        78.4330000000    656
      390.2540000000       430.0160000000        56.9070000000    657
      390.3520000000       586.4050000000       117.0160000000    658
      392.4430000000       595.4050000000       136.1750000000    659
      393.5260000000       442.2730000000        66.5400000000    660
      393.5860000000       530.8250000000        88.3850000000    661
      394.2830000000       571.2920000000       115.9790000000    662
      393.8970000000       580.9360000000       112.7570000000    663
      394.1960000000       585.4080000000       128.0950000000    664
      394.8430000000       562.8810000000        64.1360000000    665
      395.7540000000       457.6120000000        69.9900000000    666
      396.6580000000       439.5430000000        44.5280000000    667
      397.4450000000        56.6360000000        14.8950000000    668
      397.3030000000       535.8410000000       104.3020000000    669
      397.1620000000       576.0360000000       101.5600000000    670
      397.8240000000       571.3600000000        99.5780000000    671
      398.2360000000       462.4730000000        59.3800000000    672
      398.4200000000       510.5960000000        97.3050000000    673
      398.6540000000       587.5140000000        95.3190000000    674
      399.9410000000       369.8720000000        45.9740000000    675
      400.1760000000       376.8240000000        45.7940000000    676
      400.1560000000       452.2360000000        71.2690000000    677
      400.9610000000       599.4250000000       141.6630000000    678
      402.2530000000       449.5040000000        53.4080000000    679
      402.3810000000       601.0610000000       115.1440000000    680
      403.7010000000       564.7170000000       122.2430000000    681
      404.2700000000       415.5940000000        43.7700000000    682
      405.4050000000       477.0780000000        61.5970000000    683
      405.7860000000       541.1790000000        93.9240000000    684
      405.8210000000       638.6870000000       104.1650000000    685
      405.9140000000       462.3950000000        55.1990000000    686
      406.6280000000       358.1480000000        40.4530000000    687
      406.3450000000       423.2060000000        59.3190000000    688
      406.5930000000       593.6630000000       129.7880000000    689
      407.3050000000       385.7240000000        42.6040000000    690
      407.6170000000       238.5560000000        10.8520000000    691
      407.5100000000       514.5110000000        48.8300000000    692
      407.7610000000       604.5750000000       149.8280000000    693
      408.1540000000       615.5790000000       131.3450000000    694
      409.8150000000       419.1850000000        36.7800000000    695
      410.2070000000       353.3890000000        37.1880000000    696
      410.4450000000       554.8760000000        57.7150000000    697
      411.0080000000       214.9230000000        28.5390000000    698
      410.5200000000       537.2250000000       109.8230000000    699
      410.5470000000       619.9870000000       131.1790000000    700
      411.9510000000       416.6430000000        44.8580000000    701
      412.6190000000       375.1390000000        24.0000000000    702
      413.5990000000       281.5500000000        29.4010000000    703
      413.5460000000       361.3180000000        26.9200000000    704
      413.8420000000       511.6300000000        75.9710000000    705
      414.4540000000       546.2230000000       111.0360000000    706
      414.4200000000       586.4010000000       115.0890000000    707
      414.8630000000       182.6440000000        26.3150000000    708
      415.0050000000       422.6970000000        69.1320000000    709
      415.2070000000       176.7570000000        24.9730000000    710
      415.3820000000       459.6600000000        33.0020000000    711
      416.0720000000       355.5950000000        46.7180000000    712
      416.2050000000       371.9760000000        46.4040000000    713
      416.2600000000       369.9770000000        35.5940000000    714
      416.2950000000       517.2480000000        98.7220000000    715
      417.3250000000       377.8130000000        46.7880000000    716
      417.4350000000       484.1550000000        41.7110000000    717
      417.4290000000       558.3580000000       115.9510000000    718
      418.1060000000       206.1050000000        17.7870000000    719
      418.1220000000       304.2610000000        23.2130000000    720
      418.0020000000       588.0730000000       109.4210000000    721
      418.6250000000       562.7010000000        71.3360000000    722
      418.5820000000       578.4770000000        68.9240000000    723
      418.9370000000       365.7590000000        25.0030000000    724
      419.2110000000       406.3960000000        69.1740000000    725
      419.6070000000       133.2160000000        20.4170000000    726
      419.5820000000       313.6970000000        19.1120000000    727
      420.8620000000       580.6180000000       103.2850000000    728
      421.0460000000       390.2290000000        63.2240000000    729
      421.5400000000       387.8160000000        28.9840000000    730
      421.6700000000       431.0330000000        32.7090000000    731
      421.7530000000       589.1050000000        90.6660000000    732
      422.1070000000       559.1900000000        84.3730000000    733
      422.6830000000       379.9430000000        39.2640000000    734
      422.5070000000       457.7390000000        32.4760000000    735
      423.1530000000       240.0660000000        26.8820000000    736
      423.0140000000       443.7590000000        29.5800000000    737
      423.7870000000       485.2550000000        94.1740000000    738
      423.5740000000       516.7450000000        45.7960000000    739
      423.9140000000       519.9880000000        76.4150000000    740
      423.8310000000       590.1290000000       109.2120000000    741
      424.2010000000       331.1690000000        27.9520000000    742
      425.0930000000       357.5500000000        54.8610000000    743
      425.3270000000       535.9580000000        57.3080000000    744
      425.8360000000       570.9820000000       116.1940000000    745
      426.8620000000       564.0140000000        91.8690000000    746
      427.7700000000       268.7920000000        20.3520000000    747
      428.0210000000       595.9350000000        89.9110000000    748
      428.6120000000       530.3970000000       101.8320000000    749
      428.9930000000       288.4290000000        33.3870000000    750
      428.8680000000       411.6250000000        25.8510000000    751
      428.9240000000       523.7230000000        86.8080000000    752
      429.3990000000       268.6810000000        28.9020000000    753
      429.5630000000       384.9350000000        63.5460000000    754
      430.2250000000       416.4040000000        80.3070000000    755
      430.1580000000       574.1750000000        97.2240000000    756
      430.7620000000       571.9060000000        83.7580000000    757
      430.3720000000       593.2940000000       125.9130000000    758
      431.0340000000       496.2110000000        92.1230000000    759
      432.1500000000       554.9380000000       103.4280000000    760
      432.6360000000       219.0260000000        29.9150000000    761
      432.7680000000       254.3780000000        13.5560000000    762
      432.4040000000       503.7160000000        43.7730000000    763
      433.0790000000       414.2770000000        24.7540000000    764
      433.7510000000       597.3880000000       144.0770000000    765
      434.2150000000       219.6230000000        37.2180000000    766
      434.1200000000       525.3520000000        65.9140000000    767
      434.4430000000       540.3270000000        85.3930000000    768
      434.8400000000       574.6610000000       133.8870000000    769
      435.3100000000       294.6300000000        18.6420000000    770
      435.0530000000       366.9830000000        45.3410000000    771
      435.6620000000       281.6520000000        13.6530000000    772
      435.9740000000       367.7140000000        67.5450000000    773
      435.9570000000       539.7960000000       111.7020000000    774
      435.5490000000       546.4470000000       113.6590000000    775
      437.3500000000       358.3550000000        15.8460000000    776
      437.4350000000       602.6990000000       122.3750000000    777
      438.6100000000       420.7380000000        24.7110000000    778
      438.8320000000       295.0730000000        45.1310000000    779
      440.1880000000       288.3800000000        26.6890000000    780
      440.4860000000       196.6870000000        24.9930000000    781
      441.4130000000       189.4390000000        22.7110000000    782
      441.4410000000       202.1600000000        16.0850000000    783
      441.6000000000       434.2830000000        25.8990000000    784
      442.4560000000       232.8300000000        16.1650000000    785
      442.4830000000       367.9640000000        12.9530000000    786
      442.9980000000       306.5080000000        12.9480000000    787
      443.1940000000       527.2320000000        84.2180000000    788
      443.1740000000       541.7040000000        64.6520000000    789
      443.5450000000       239.9390000000        51.2380000000    790
      443.4760000000       263.6290000000        40.4100000000    791
      443.5060000000       310.2140000000        30.6460000000    792
      443.6630000000       495.5400000000        95.5650000000    793
      443.9050000000       338.9210000000        49.5220000000    794
      444.4290000000       533.1060000000       102.6670000000    795
      444.5990000000       563.1820000000        74.6150000000    796
      444.7750000000       564.1350000000       117.7070000000    797
      444.7070000000       591.2950000000       128.9840000000    798
      445.0540000000       232.6250000000        43.1690000000    799
      445.1540000000       485.8940000000        54.3330000000    800
      445.7660000000       265.0360000000         7.2240000000    801
      446.3030000000       514.7870000000        50.4250000000    802
      446.4530000000       526.1670000000        53.9390000000    803
      446.9140000000       514.6110000000       102.7360000000    804
      447.2980000000       160.7010000000        16.5250000000    805
      447.4470000000       316.5390000000        17.1670000000    806
      448.0460000000       139.1770000000        13.5300000000    807
      448.0340000000       327.4820000000        62.1230000000    808
      448.4070000000       501.1200000000        82.0790000000    809
      448.5780000000       486.0140000000        37.5900000000    810
      448.8100000000       526.0480000000        71.9010000000    811
      450.0470000000       537.9460000000       106.8360000000    812
      450.9650000000       244.9920000000        38.9780000000    813
      450.7400000000       537.6770000000        70.0690000000    814
      451.8260000000       409.3700000000        19.8620000000    815
      452.3510000000       482.9040000000        85.7090000000    816
      452.4790000000       486.9150000000        58.9920000000    817
      453.1930000000       209.4960000000         8.3930000000    818
      453.3370000000       594.6690000000        80.7040000000    819
      454.2280000000       295.4180000000        53.7830000000    820
      454.0120000000       554.5450000000        89.7490000000    821
      454.0130000000       577.6490000000       113.0360000000    822
      454.3590000000       180.3200000000        19.7920000000    823
      455.2010000000        80.6460000000        21.5820000000    824
      454.9820000000       254.8540000000        55.3250000000    825
      456.4030000000       172.5780000000        18.3060000000    826
      456.4040000000       526.9730000000        66.5340000000    827
      457.6800000000       313.8180000000        55.9090000000    828
      457.8850000000       494.2400000000        63.9280000000    829
      458.3660000000        83.9990000000        15.1030000000    830
      458.1720000000       502.0620000000        45.1490000000    831
      458.7060000000       313.7400000000        18.5300000000    832
      458.5220000000       332.3310000000        10.0680000000    833
      459.4600000000       559.5160000000       100.3910000000    834
      460.3820000000       546.4160000000        93.2660000000    835
      460.6760000000        76.2510000000        22.9060000000    836
      461.0470000000       182.1990000000        41.7990000000    837
      461.7740000000       391.7970000000        20.1710000000    838
      462.4420000000       108.2500000000        33.7950000000    839
      463.0130000000       300.4310000000        41.2010000000    840
      463.0640000000       360.8290000000        15.1880000000    841
      462.9920000000       386.6320000000        17.9990000000    842
      463.3760000000       531.6840000000       104.9290000000    843
      464.0590000000       151.3400000000        12.1990000000    844
      463.7740000000       172.7180000000        16.6560000000    845
      464.0250000000       496.0130000000        85.2780000000    846
      464.7970000000       176.3660000000        40.8850000000    847
      465.1880000000       511.7690000000        65.8680000000    848
      464.8470000000       549.4920000000       112.3350000000    849
      466.0090000000        68.2620000000        23.9230000000    850
      465.9020000000       155.0170000000        24.6830000000    851
      466.5950000000       494.6480000000        41.0260000000    852
      466.9410000000        72.8950000000        14.9080000000    853
      466.9050000000       226.0130000000         5.3860000000    854
      467.2150000000       352.9190000000        14.8410000000    855
      467.5670000000       345.3220000000        13.5490000000    856
      467.6050000000       424.9470000000        22.8500000000    857
      467.6630000000       554.8550000000       127.7880000000    858
      468.0660000000       499.9080000000        59.2490000000    859
      468.0400000000       549.2710000000        94.5190000000    860
      468.5350000000       167.9630000000        43.5380000000    861
      468.5720000000       378.3570000000        62.2950000000    862
      468.8390000000       453.2490000000        76.5130000000    863
      468.6960000000       537.1170000000        83.7750000000    864
      469.1380000000       264.8000000000        34.6690000000    865
      469.5930000000       468.2970000000        80.0640000000    866
      469.5710000000       483.4690000000        62.0630000000    867
      469.8980000000       193.0070000000        49.0540000000    868
      471.2510000000       179.2230000000        16.6230000000    869
      471.1060000000       378.3150000000        15.4980000000    870
      471.7230000000       461.2520000000        40.7070000000    871
      471.4830000000       585.6570000000        85.3510000000    872
      472.4820000000       292.4010000000         5.0020000000    873
      472.2770000000       555.3890000000       109.1620000000    874
      473.4620000000       215.2030000000        37.8400000000    875
      473.2610000000       528.4050000000        59.5410000000    876
      473.5560000000       131.8730000000        33.2780000000    877
      473.9100000000       436.8040000000        27.7170000000    878
      474.3030000000       199.9970000000        38.0350000000    879
      474.1790000000       254.9490000000         6.2500000000    880
      474.5410000000       477.3740000000        90.2530000000    881
      475.0010000000       228.8650000000         6.0110000000    882
      474.6990000000       258.7450000000        64.2630000000    883
      475.4990000000       207.1800000000        36.9220000000    884
      475.6780000000        17.2240000000        14.9480000000    885
      475.7530000000       500.8750000000        50.1460000000    886
      475.7270000000       523.1350000000        84.8070000000    887
      475.7760000000       551.1320000000        84.4880000000    888
      476.6180000000       343.4580000000        14.8640000000    889
      476.5290000000       401.4860000000        19.2970000000    890
      477.0380000000       531.1300000000       108.2820000000    891
      476.9150000000       542.6570000000       107.7270000000    892
      477.6580000000       497.1790000000        57.5280000000    893
      478.2210000000       467.4610000000        54.0380000000    894
      478.4420000000       213.5220000000        54.3270000000    895
      478.6550000000       392.0260000000        46.3510000000    896
      478.5320000000       433.0390000000        70.4260000000    897
      478.9080000000       162.8820000000        34.7870000000    898
      479.4250000000       392.3840000000        25.4160000000    899
      480.0180000000        62.2340000000        21.6600000000    900
      480.0980000000       103.5630000000        17.0770000000    901
      480.1050000000       295.1030000000        67.6820000000    902
      480.4120000000       536.2710000000        72.2320000000    903
      481.0630000000       183.4240000000        51.2690000000    904
      481.0300000000       441.3430000000        31.7270000000    905
      481.4890000000       106.9650000000         6.4700000000    906
      481.6260000000       306.8320000000        11.4200000000    907
      481.5100000000       425.9370000000        26.7400000000    908
      482.0020000000       325.2190000000        12.1470000000    909
      482.2460000000       424.0110000000        83.1630000000    910
      482.8330000000       503.4280000000        93.8700000000    911
      482.9080000000       506.1390000000        74.2100000000    912
      483.1080000000       289.2190000000         5.5260000000    913
      483.1270000000       512.8230000000        83.7600000000    914
      483.9130000000       175.0940000000        49.2100000000    915
      484.3150000000        51.8560000000        11.5110000000    916
      484.1280000000       276.4770000000        37.5250000000    917
      484.0530000000       380.5190000000        42.3920000000    918
      484.4000000000       428.8840000000        49.5800000000    919
      485.3480000000       236.4760000000        37.0420000000    920
      485.1010000000       245.6190000000         6.6840000000    921
      485.0870000000       333.8130000000        46.2240000000    922
      485.2090000000       516.7880000000        71.7190000000    923
      485.8540000000        33.4000000000        13.5870000000    924
      485.7230000000       379.7370000000        22.1000000000    925
      486.4600000000        72.8030000000        34.1810000000    926
      486.2620000000       113.9080000000         6.7460000000    927
      486.1690000000       201.0430000000        40.0030000000    928
      486.2070000000       441.8470000000        79.8620000000    929
      486.6520000000       249.4730000000        19.8510000000    930
      486.7590000000       425.5140000000        71.1360000000    931
      486.8230000000       534.3440000000        89.2390000000    932
      487.1000000000       277.5930000000        54.2910000000    933
      487.5600000000       321.7040000000        25.5510000000    934
      487.5190000000       324.6440000000        12.7190000000    935
      487.2410000000       538.8300000000        94.2820000000    936
      487.9460000000       104.3430000000         8.1300000000    937
      487.7460000000       241.8970000000        55.2490000000    938
      487.9900000000       313.7810000000        28.9150000000    939
      487.8420000000       492.2100000000        41.4150000000    940
      487.9760000000       526.1930000000        99.8990000000    941
      488.4760000000       316.3570000000        55.0320000000    942
      489.0560000000       436.9040000000        30.2640000000    943
      489.9260000000       473.2330000000        60.6580000000    944
      490.6810000000       217.3120000000         6.8950000000    945
      490.2980000000       336.1920000000        14.9250000000    946
      490.7260000000       488.6890000000        98.5670000000    947
      490.6770000000       512.8330000000       100.2260000000    948
      491.2670000000        58.1440000000        41.1370000000    949
      491.9370000000       254.3380000000        17.8420000000    950
      492.1300000000       406.8400000000        23.4820000000    951
      491.7890000000       461.4580000000        58.2280000000    952
      492.6010000000       225.4780000000        53.7080000000    953
      493.0200000000       472.1820000000        96.7110000000    954
      493.1950000000       549.1160000000       105.5910000000    955
      493.5700000000       265.9330000000         6.9270000000    956
      493.7590000000       273.6660000000        37.2580000000    957
      493.6440000000       541.4260000000        79.8610000000    958
      493.9490000000       340.1160000000        16.5270000000    959
      494.1630000000       384.5120000000        34.2160000000    960
      494.1050000000       447.5560000000        42.6310000000    961
      494.8230000000        28.5490000000        43.1160000000    962
      494.6980000000       562.1540000000        73.7900000000    963
      494.7000000000       563.8430000000       111.5600000000    964
      495.3260000000       315.5430000000        53.0610000000    965
      495.8700000000       401.7300000000        36.8560000000    966
      495.6910000000       535.8840000000        90.3970000000    967
      496.1390000000        41.6050000000        39.5860000000    968
      496.1830000000       164.6350000000         3.1230000000    969
      496.3870000000       329.7000000000        16.5750000000    970
      496.3230000000       378.8190000000        60.8200000000    971
      496.0330000000       380.7770000000        24.2380000000    972
      496.8470000000        84.6010000000         6.5680000000    973
      496.7030000000       352.8980000000        63.6040000000    974
      497.3760000000       415.6420000000        25.5590000000    975
      497.3200000000       528.0180000000        82.1190000000    976
      497.8080000000       473.4660000000        54.9010000000    977
      497.9050000000       482.9590000000        89.6080000000    978
      497.8830000000       510.1750000000        72.8120000000    979
      498.5050000000       486.6910000000        54.7800000000    980
      498.3130000000       515.0240000000        57.6970000000    981
      498.0990000000       539.3720000000       104.2550000000    982
      498.6510000000       296.8700000000        26.9580000000    983
      498.6700000000       299.6550000000         9.4180000000    984
      498.9160000000       406.8610000000        75.7220000000    985
      498.7140000000       454.9110000000        88.7610000000    986
      499.4010000000       144.0400000000        28.6750000000    987
      499.7770000000       273.4570000000        11.4740000000    988
      500.0290000000       423.1650000000        43.1270000000    989
      500.1650000000       103.9130000000        10.9560000000    990
      500.2460000000       224.0580000000        15.5670000000    991
      501.0410000000        16.9510000000        25.5380000000    992
      501.4500000000        33.8800000000        18.7670000000    993
      501.3900000000       426.8650000000        33.4490000000    994
      502.1860000000       424.1650000000        71.7850000000    995
      501.9150000000       517.4540000000       104.4440000000    996
      502.0750000000       544.5480000000       105.8960000000    997
      502.4740000000        53.0970000000        42.0930000000    998
      502.2460000000       297.0550000000         7.8480000000    999
      502.5260000000       559.2150000000       118.7890000000   1000
      502.9260000000       356.1840000000        33.8710000000   1001
      503.5240000000        13.9450000000         8.2140000000   1002
      503.7260000000       106.3760000000        37.3950000000   1003
      503.4410000000       191.7100000000        19.5340000000   1004
      503.4980000000       381.1460000000        41.2210000000   1005
      503.4080000000       420.1130000000        77.9240000000   1006
      504.0640000000        30.9910000000        29.9140000000   1007
      503.7920000000       117.3780000000        42.9090000000   1008
      504.0480000000       133.8690000000        34.1570000000   1009
      503.9600000000       235.1990000000        32.5570000000   1010
      504.0970000000       497.5400000000        86.6020000000   1011
      504.2730000000       514.4070000000        69.1200000000   1012
      504.4010000000       325.2010000000        25.9380000000   1013
      506.1980000000       507.9790000000        96.1470000000   1014
      506.5110000000       146.7830000000        16.3900000000   1015
      506.6080000000       396.9950000000        21.6620000000   1016
      507.2080000000       116.3480000000         7.0000000000   1017
      507.1510000000       425.7520000000        43.8720000000   1018
      507.6000000000       467.3040000000        46.4020000000   1019
      507.5160000000       491.8610000000        70.5050000000   1020
      507.6100000000       511.3590000000       106.0760000000   1021
      508.4380000000       124.0430000000        32.4360000000   1022
      508.2870000000       493.4770000000        95.2960000000   1023
      508.8760000000       207.6460000000        51.3350000000   1024
      508.6360000000       383.8560000000        34.3590000000   1025
      509.1100000000       418.2710000000        40.9020000000   1026
      509.6130000000        33.6170000000        36.1680000000   1027
      509.7390000000       140.9120000000        49.4270000000   1028
      510.3900000000       295.3990000000        21.3860000000   1029
      510.4100000000       509.3210000000        88.1130000000   1030
      511.4860000000       294.2610000000        45.7690000000   1031
      511.3230000000       468.9950000000        71.4920000000   1032
      511.3080000000       522.4890000000        88.2050000000   1033
      511.6120000000       139.7940000000        35.4310000000   1034
      512.3210000000       121.0790000000         9.2840000000   1035
      512.5400000000       181.2270000000         6.4860000000   1036
      512.3090000000       192.2380000000         7.2710000000   1037
      512.5220000000       504.1310000000        78.0440000000   1038
      512.7320000000       280.4660000000        17.3650000000   1039
      513.3030000000       354.7660000000        71.6950000000   1040
      513.5970000000       461.8470000000        75.2660000000   1041
      514.0430000000        97.0260000000        10.0630000000   1042
      513.9600000000       102.4840000000        11.5120000000   1043
      513.9140000000       220.0640000000        20.7070000000   1044
      513.7940000000       245.6010000000        21.3540000000   1045
      513.7540000000       460.3650000000        53.6210000000   1046
      514.4210000000       370.1220000000        48.1800000000   1047
      514.2250000000       453.0990000000        75.6600000000   1048
      515.1440000000       173.7580000000        38.1840000000   1049
      514.8380000000       416.2840000000        73.3600000000   1050
      515.0080000000       453.0260000000        52.4950000000   1051
      515.6400000000       272.4260000000        59.1750000000   1052
      515.6850000000       355.7620000000        31.3900000000   1053
      515.5180000000       412.4260000000        41.9100000000   1054
      516.3830000000       444.4070000000        80.9550000000   1055
      516.3860000000       478.9130000000        68.4760000000   1056
      517.1510000000       471.2150000000        61.3040000000   1057
      517.3520000000       484.7040000000        75.0120000000   1058
      518.2010000000       183.6380000000        23.3400000000   1059
      518.2290000000       491.9380000000        64.2530000000   1060
      518.4070000000       133.3060000000        50.5400000000   1061
      518.5500000000       378.7450000000        36.6440000000   1062
      518.6830000000       386.6000000000        69.8640000000   1063
      519.4710000000       145.1910000000        30.3170000000   1064
      519.7210000000       323.4370000000        14.7640000000   1065
      519.8670000000       414.2950000000        51.3670000000   1066
      519.9270000000        13.2570000000         7.6120000000   1067
      520.1480000000       313.2130000000        60.5240000000   1068
      520.2720000000       461.9430000000        59.7890000000   1069
      520.4590000000       241.3440000000        20.8790000000   1070
      521.9180000000        25.4380000000        29.2340000000   1071
      521.5930000000       157.7890000000        21.8500000000   1072
      521.8110000000       502.3290000000       100.8070000000   1073
      522.6490000000       136.5840000000         9.5390000000   1074
      523.4720000000       113.2450000000        31.6220000000   1075
      523.1050000000       382.8290000000        46.7710000000   1076
      523.7630000000       390.4100000000        34.2980000000   1077
      524.0020000000       467.8510000000        73.4180000000   1078
      524.5110000000       236.9450000000        21.5110000000   1079
      524.2640000000       251.4740000000        27.5680000000   1080
      524.1790000000       321.5550000000        37.0910000000   1081
      524.4080000000       334.9890000000        17.4410000000   1082
      524.3050000000       529.2190000000       101.9710000000   1083
      524.6930000000        71.8580000000        14.2710000000   1084
      525.4150000000       199.3000000000         4.9640000000   1085
      525.5830000000       401.0430000000        70.3810000000   1086
      525.9540000000       252.4010000000        59.6020000000   1087
      526.4720000000       467.3390000000        47.3390000000   1088
      527.1530000000       170.9950000000        15.9830000000   1089
      527.2970000000        15.7140000000        14.1520000000   1090
      527.7270000000       225.0680000000        13.9340000000   1091
      528.4700000000       357.9570000000        38.1760000000   1092
      528.6900000000       502.9350000000       105.9470000000   1093
      529.0900000000       144.6090000000         7.8690000000   1094
      529.1670000000       219.2390000000        29.0070000000   1095
      529.7950000000       203.0900000000        18.2720000000   1096
      529.5380000000       376.5220000000        67.8640000000   1097
      529.5670000000       450.8650000000        69.7280000000   1098
      530.1310000000       309.3080000000        26.1120000000   1099
      530.4300000000       444.6360000000        33.6360000000   1100
      530.6330000000       478.7480000000        71.6360000000   1101
      531.2160000000       436.5840000000        56.9680000000   1102
      531.0560000000       459.4750000000        87.3050000000   1103
      531.7260000000       131.2530000000        13.7450000000   1104
      531.8420000000       186.6260000000        22.4840000000   1105
      532.2200000000        91.2650000000        13.4350000000   1106
      532.0990000000       128.6070000000        25.5440000000   1107
      532.2450000000       230.5600000000        14.5520000000   1108
      532.7760000000       141.6330000000         8.0780000000   1109
      532.7010000000       398.7110000000        26.8860000000   1110
      533.4110000000       139.2690000000        41.5550000000   1111
      533.2390000000       215.2940000000        59.5880000000   1112
      533.0190000000       334.1420000000        63.8870000000   1113
      533.6290000000        62.8310000000        13.0200000000   1114
      533.7240000000       427.8260000000        80.5400000000   1115
      533.4820000000       467.0840000000        46.0350000000   1116
      534.1140000000       283.5540000000        22.7930000000   1117
      534.2650000000       342.1900000000        34.6630000000   1118
      534.2390000000       427.0240000000        62.0100000000   1119
      534.1500000000       487.4150000000        81.3070000000   1120
      534.8590000000       408.2520000000        45.5770000000   1121
      534.5620000000       474.8280000000        97.8070000000   1122
      535.2770000000       337.6140000000        33.9940000000   1123
      535.4100000000       473.7410000000        88.3550000000   1124
      535.4600000000       514.8670000000        94.2320000000   1125
      535.9520000000       158.8640000000         7.2940000000   1126
      535.7770000000       425.1760000000        69.4840000000   1127
      536.4430000000       261.3270000000        59.7270000000   1128
      536.5310000000       348.7920000000        65.6080000000   1129
      536.2700000000       416.3760000000        59.4660000000   1130
      536.9240000000       371.4490000000        40.9980000000   1131
      537.4900000000       232.5870000000        61.9610000000   1132
      537.6080000000       275.2560000000        60.1260000000   1133
      537.2330000000       390.9560000000        65.1360000000   1134
      537.9920000000       100.0180000000        10.6360000000   1135
      538.5680000000        15.0590000000        11.3120000000   1136
      538.6110000000       401.2440000000        40.8560000000   1137
      538.1910000000       407.0920000000        69.7140000000   1138
      539.3210000000        29.5750000000        14.2150000000   1139
      539.4990000000       232.6660000000        23.3360000000   1140
      539.1930000000       489.4790000000        80.7340000000   1141
      539.5310000000       501.8370000000        93.5860000000   1142
      540.1340000000       360.9180000000        62.4460000000   1143
      540.8790000000       269.6870000000        23.5620000000   1144
      541.3220000000       441.9330000000        82.2200000000   1145
      542.8050000000       134.9860000000        50.7420000000   1146
      542.6300000000       142.7010000000        34.2060000000   1147
      542.7220000000       282.4620000000        36.4710000000   1148
      542.7000000000       358.5400000000        48.7970000000   1149
      542.5740000000       384.4670000000        50.3100000000   1150
      542.9630000000       123.8400000000        50.1600000000   1151
      542.9760000000       292.5370000000        66.1670000000   1152
      544.2810000000       389.4970000000        45.8220000000   1153
      544.6770000000       376.9450000000        71.6510000000   1154
      545.0130000000       385.7770000000        24.6400000000   1155
      545.5930000000       466.0970000000        79.7890000000   1156
      546.3030000000       287.4800000000        61.0640000000   1157
      546.3430000000       437.0680000000        75.2780000000   1158
      547.6050000000       222.7950000000        55.1790000000   1159
      548.2850000000       322.1480000000        29.0010000000   1160
      548.7910000000       271.0360000000        57.6610000000   1161
      549.0870000000        91.0240000000        11.4080000000   1162
      549.2920000000       299.9840000000        57.5760000000   1163
      549.5450000000       308.7820000000        25.6190000000   1164
      549.3980000000       438.2030000000        65.8370000000   1165
      550.3050000000       197.9420000000        59.3840000000   1166
      550.9370000000       228.2760000000        61.5150000000   1167
      551.4470000000       322.6200000000        62.2710000000   1168
      551.3860000000       389.5110000000        45.8680000000   1169
      551.6120000000       409.6620000000        71.5700000000   1170
      551.5160000000       417.7090000000        59.2420000000   1171
      552.0920000000       185.8290000000        44.3430000000   1172
      551.7750000000       248.5760000000        44.2730000000   1173
      552.4620000000       367.4740000000        50.7890000000   1174
      552.4010000000       377.3380000000        61.8540000000   1175
      552.8320000000        91.4880000000         8.7980000000   1176
      553.8870000000       308.2560000000        33.0590000000   1177
      554.7210000000       333.2290000000        48.8230000000   1178
      555.0250000000       289.1000000000        45.2930000000   1179
      555.5600000000       136.3960000000        10.1740000000   1180
      555.5150000000       301.3780000000        60.9490000000   1181
      555.4020000000       344.2360000000        37.4680000000   1182
      555.4380000000       344.5370000000        68.7730000000   1183
      555.5650000000       354.7310000000        36.4880000000   1184
      556.4930000000       184.7470000000        49.4370000000   1185
      557.3270000000       212.6970000000        58.1030000000   1186
      557.8410000000       238.8750000000        33.5850000000   1187
      557.9090000000       273.6660000000        56.2100000000   1188
      558.6120000000       418.1740000000        82.6390000000   1189
      559.1680000000       274.9540000000         7.5550000000   1190
      559.3050000000       286.8990000000        49.4620000000   1191
      559.8720000000       292.4820000000        67.3350000000   1192
      559.5670000000       310.1930000000        49.6270000000   1193
      560.9540000000       325.1010000000        47.7590000000   1194
      560.6180000000       325.5950000000        62.0910000000   1195
      561.4520000000       400.6680000000        56.4770000000   1196
      561.7870000000       397.1890000000        64.8090000000   1197
      562.4830000000       386.0120000000        48.1260000000   1198
      562.9100000000       190.0010000000        54.3070000000   1199
      562.8910000000       265.3420000000        33.3570000000   1200
      563.3540000000       249.7560000000        48.7290000000   1201
      563.2240000000       257.8490000000        42.1780000000   1202
      563.6670000000       299.6120000000        41.7180000000   1203
      563.2220000000       455.2870000000        83.8020000000   1204
      564.3210000000       225.0110000000        36.4880000000   1205
      564.5090000000       329.4830000000        47.2780000000   1206
      564.3640000000       348.4450000000        37.8010000000   1207
      564.5470000000       360.9590000000        57.6920000000   1208
      564.8140000000        31.0370000000         8.0580000000   1209
      564.8570000000       180.7450000000        12.3190000000   1210
      565.0110000000       256.9980000000        62.6300000000   1211
      566.0770000000       375.7050000000        66.7200000000   1212
      566.7930000000       278.8340000000        52.5620000000   1213
      566.5030000000       301.3370000000        60.4950000000   1214
      567.0160000000       235.9140000000        13.1960000000   1215
      566.9380000000       266.5930000000        22.2120000000   1216
      567.3170000000       378.1480000000        59.7930000000   1217
      568.2510000000       271.4540000000        61.3350000000   1218
      568.1770000000       307.8940000000        49.8030000000   1219
      568.8510000000       188.7750000000        14.5080000000   1220
      568.4750000000       362.4140000000        51.3630000000   1221
      569.1740000000       295.1870000000        70.1290000000   1222
      569.0340000000       338.7750000000        54.0050000000   1223
      569.8600000000       180.9890000000        50.0030000000   1224
      569.8650000000       299.0870000000        36.1260000000   1225
      570.3830000000       305.9420000000        32.5210000000   1226
      571.1060000000       189.2780000000        49.7770000000   1227
      570.9810000000       213.8280000000        55.3130000000   1228
      571.9180000000       390.7600000000        51.4090000000   1229
      572.8920000000       202.3380000000        57.0890000000   1230
      572.8730000000       295.4560000000        44.1410000000   1231
      573.4890000000       272.7670000000        40.2080000000   1232
      573.1430000000       419.7350000000        78.8660000000   1233
      573.8380000000       336.4340000000        52.0860000000   1234
      573.7890000000       377.6140000000        26.7440000000   1235
      574.8280000000       367.5090000000        61.4500000000   1236
      575.1280000000       409.8220000000        81.6610000000   1237
      575.2170000000       294.5510000000        60.5760000000   1238
      575.3740000000       314.4010000000        38.6140000000   1239
      575.3830000000       341.5750000000        66.4310000000   1240
      577.1390000000       283.0900000000        57.6710000000   1241
      576.8730000000       407.3990000000        71.2870000000   1242
      577.4850000000       212.5840000000        38.6360000000   1243
      578.2120000000       297.1560000000         8.6120000000   1244
      577.9360000000       343.2540000000        55.5690000000   1245
      580.7470000000       399.7010000000        64.0200000000   1246
      582.3090000000       353.9970000000        45.9580000000   1247
      583.1810000000       239.4860000000        65.5240000000   1248
      583.1610000000       365.3990000000        55.1390000000   1249
      583.0970000000       380.5360000000        68.8190000000   1250
      584.2000000000       290.2480000000        47.8090000000   1251
      585.4780000000       230.8290000000        13.1620000000   1252
      585.4990000000       425.3090000000        82.2900000000   1253
      585.8420000000       209.8930000000        62.0970000000   1254
      587.3160000000       204.5510000000        57.4240000000   1255
      587.1140000000       268.9560000000        59.2060000000   1256
      587.4060000000       290.8150000000        12.3680000000   1257
      587.9740000000       223.5240000000        63.4540000000   1258
      588.6960000000       218.8340000000        49.4780000000   1259
      588.9230000000       276.7780000000        47.2200000000   1260
      589.4810000000       415.3750000000        82.2590000000   1261
      590.0490000000       342.6430000000        59.7820000000   1262
      589.9440000000       349.0410000000        56.3220000000   1263
      592.6870000000       297.1810000000        58.4170000000   1264
      592.7510000000       306.5340000000        51.3150000000   1265
      593.2340000000       187.1540000000        19.7880000000   1266
      593.7330000000       213.5390000000        40.3750000000   1267
      593.9260000000       240.1570000000        55.0130000000   1268
      596.1610000000       252.7980000000        46.4050000000   1269
      596.1360000000       309.9140000000        52.2720000000   1270
      597.4800000000       255.4030000000        59.2810000000   1271
      597.8310000000       320.2400000000        60.5420000000   1272
      598.6860000000       271.4320000000        51.2830000000   1273
      599.9970000000       360.0300000000        66.3280000000   1274
      600.6570000000       297.8460000000        61.8250000000   1275
      600.8730000000       211.0780000000        60.1130000000   1276
      601.8720000000       243.4470000000        39.6230000000   1277
      603.1890000000       236.0320000000        61.7090000000   1278
      605.3130000000       223.3200000000        62.5300000000   1279
      606.7820000000       346.2240000000        71.6350000000   1280
      607.0040000000       332.3170000000        58.1510000000   1281
      609.0950000000       319.1910000000        66.5600000000   1282
      613.1980000000       228.4800000000        46.2340000000   1283
      614.0410000000       344.1790000000        62.9610000000   1284
      620.4220000000       289.3780000000        68.2080000000   1285
      627.2050000000       260.7900000000        60.4500000000   1286
      631.0420000000       263.5860000000        60.6930000000   1287
      636.2040000000       228.2970000000        58.9190000000   1288
      123.3080000000       255.7920000000        65.9310000000   1289
      168.9830000000       354.4460000000        74.6760000000   1290
      174.1240000000       407.0790000000        49.5940000000   1291
      177.5240000000       307.8240000000        32.8410000000   1292
      188.0240000000       178.0950000000        16.6580000000   1293
      204.6740000000       453.9680000000        77.2550000000   1294
      215.5010000000       221.7700000000         8.7950000000   1295
      217.5660000000       208.3860000000        72.9640000000   1296
      221.9760000000       290.4690000000        16.2160000000   1297
      226.5690000000       212.5810000000        14.9710000000   1298
      226.5900000000       517.0440000000       116.2260000000   1299
      259.8900000000       534.5570000000        93.3370000000   1300
      265.4860000000        65.5730000000        11.7680000000   1301
      266.0720000000       543.2250000000        86.3430000000   1302
      272.2780000000        56.7250000000        19.1530000000   1303
      279.4820000000       300.7570000000        13.9560000000   1304
      287.3240000000       569.3990000000       119.6240000000   1305
      303.6320000000       138.2670000000        20.6430000000   1306
      307.9530000000       257.8980000000        28.2380000000   1307
      379.2950000000       252.4330000000        19.0810000000   1308
      379.7860000000       251.4100000000        19.0510000000   1309
      380.3320000000       249.6520000000        18.9270000000   1310
      410.7510000000       430.3770000000        77.4030000000   1311
      445.6160000000       453.9570000000        27.1580000000   1312
      462.7500000000       245.3050000000         4.3880000000   1313
      473.7240000000       144.4320000000        40.6930000000   1314
      495.3510000000       367.0340000000        64.5990000000   1315
      503.6300000000       225.2470000000        66.9260000000   1316
      513.8240000000       234.2850000000         6.4450000000   1317
      523.7420000000       360.7690000000        15.4110000000   1318
      524.2980000000       484.5600000000        95.6990000000   1319
      524.7730000000       282.5060000000         8.7970000000   1320
      530.2900000000        26.1350000000        12.3030000000   1321
      532.8670000000       255.6760000000        12.2980000000   1322
      538.6580000000        97.5350000000        19.1690000000   1323
      549.6770000000       201.7980000000        10.9730000000   1324
      558.6330000000       162.8390000000        38.4120000000   1325
      560.2020000000       163.8000000000        39.2090000000   1326
      571.9470000000       233.6790000000        57.6660000000   1327
