       50.1700000000       328.9820000000        84.6270000000      0
       57.0380000000       338.8210000000       105.0070000000      1
       62.7980000000       252.7980000000       124.5450000000      2
       63.4630000000       335.3550000000        79.3870000000      3
       68.0330000000       259.0860000000       141.1030000000      4
       70.3620000000       356.9370000000       117.5520000000      5
       74.2610000000       223.8670000000        87.7580000000      6
       73.9500000000       324.8770000000        85.1310000000      7
       75.4720000000       246.1280000000        92.0200000000      8
       75.5490000000       259.7250000000       137.7170000000      9
       75.5240000000       353.9200000000       131.4340000000     10
       76.9420000000       335.6250000000       123.3220000000     11
       77.9670000000       343.5870000000       134.8960000000     12
       79.1830000000       301.2140000000        88.8940000000     13
       80.5100000000       250.4840000000       126.9780000000     14
       81.6690000000       235.9840000000        77.9260000000     15
       82.1220000000       292.5250000000        86.6250000000     16
       82.5350000000       328.2080000000        84.7370000000     17
       82.8260000000       312.1800000000        81.6470000000     18
       84.4170000000       367.0240000000       128.1550000000     19
       85.7260000000       235.8450000000       140.6240000000     20
       85.7500000000       253.6890000000       135.8940000000     21
       85.8890000000       334.6030000000       132.2690000000     22
       86.2340000000       381.5520000000        79.2900000000     23
       86.3080000000       383.1270000000       119.6920000000     24
       87.5840000000       297.0140000000       101.9990000000     25
       88.4790000000       222.1960000000        82.5220000000     26
       89.0330000000       259.9000000000        93.1930000000     27
       89.8800000000       335.3920000000       109.7790000000     28
       90.4780000000       360.4750000000       131.2280000000     29
       92.6480000000       300.5630000000        83.7870000000     30
       94.2080000000       388.8480000000       100.7290000000     31
       94.4880000000       399.1630000000       107.4200000000     32
       94.5270000000       291.7470000000        91.1690000000     33
       95.3270000000       311.1380000000        77.7750000000     34
       97.7390000000       293.5590000000        81.0330000000     35
       97.8620000000       378.5800000000       129.8830000000     36
       98.2190000000       274.6590000000        91.1860000000     37
       98.1800000000       368.8530000000       123.0960000000     38
       99.1770000000       314.7360000000       111.4660000000     39
       99.8810000000       211.4450000000        97.0450000000     40
       99.8630000000       347.0060000000       122.6950000000     41
      100.7660000000       240.1450000000       135.5050000000     42
      100.7770000000       258.7550000000       125.2180000000     43
      100.9910000000       235.3290000000       123.2920000000     44
      101.4600000000       274.0740000000        80.4890000000     45
      101.4360000000       286.3430000000        93.7050000000     46
      102.1380000000       232.7130000000       112.2890000000     47
      104.1830000000       229.4960000000        76.4770000000     48
      104.3140000000       318.5380000000        77.4890000000     49
      104.0470000000       353.8920000000       127.2670000000     50
      104.9590000000       396.1400000000       119.5960000000     51
      105.1810000000       303.4220000000        74.8200000000     52
      106.4960000000       249.9370000000       117.7300000000     53
      106.3690000000       291.9280000000        79.0330000000     54
      107.0760000000       357.3950000000       116.4400000000     55
      107.2400000000       370.5690000000       106.3470000000     56
      109.3650000000       226.9320000000       127.8640000000     57
      109.5120000000       364.3920000000        93.5030000000     58
      109.2570000000       376.3330000000       125.9060000000     59
      109.8650000000       206.6970000000       139.5430000000     60
      110.1590000000       403.0020000000        98.0960000000     61
      109.9460000000       441.4630000000       111.4900000000     62
      110.4610000000       239.0820000000       134.5200000000     63
      112.1030000000       346.8520000000        70.5490000000     64
      112.8890000000       219.1850000000       143.9320000000     65
      113.0930000000       284.1990000000        90.8730000000     66
      113.2430000000       383.0210000000        96.0090000000     67
      114.3080000000       208.7750000000       138.3820000000     68
      114.3080000000       232.4150000000        74.4830000000     69
      114.5830000000       396.5140000000       113.5630000000     70
      115.3880000000       302.7710000000        77.5270000000     71
      115.3130000000       340.4480000000       118.9980000000     72
      115.7880000000       259.4320000000       120.9650000000     73
      116.6240000000       203.3800000000        94.4520000000     74
      116.3430000000       252.8040000000       128.3070000000     75
      116.3810000000       373.6430000000        60.9080000000     76
      116.8010000000       263.0660000000        77.0330000000     77
      116.8800000000       269.9260000000        74.5580000000     78
      116.7950000000       332.1650000000       113.8600000000     79
      117.1170000000       235.7450000000        83.9200000000     80
      117.2330000000       379.1790000000       108.3010000000     81
      117.4690000000       274.6880000000        73.8900000000     82
      118.0540000000       410.9060000000        98.4390000000     83
      118.2780000000       431.5500000000        62.3600000000     84
      119.3520000000       251.2230000000       122.3170000000     85
      120.0410000000       227.9350000000        75.8160000000     86
      120.4080000000       254.8340000000        85.2120000000     87
      120.7960000000       233.3350000000        73.2960000000     88
      120.9610000000       348.8170000000        57.2930000000     89
      121.0950000000       333.0650000000        63.3870000000     90
      121.6630000000       405.8220000000       116.6040000000     91
      121.7760000000       206.0910000000        94.1880000000     92
      122.6270000000       246.2690000000        71.1530000000     93
      123.2760000000       425.8590000000        88.4910000000     94
      123.3850000000       378.6850000000       113.9890000000     95
      124.3880000000       199.0930000000       133.5270000000     96
      124.3550000000       284.9910000000        75.8380000000     97
      124.4020000000       386.6820000000        92.6480000000     98
      126.0950000000       243.4400000000       128.1270000000     99
      126.0550000000       317.4680000000        58.4880000000    100
      126.6470000000       218.1930000000       117.2530000000    101
      126.7860000000       315.4920000000        65.2000000000    102
      126.5940000000       338.2270000000       115.3100000000    103
      127.0560000000       327.3840000000       110.8830000000    104
      127.2060000000       364.6400000000        98.2210000000    105
      127.5200000000       215.9030000000       130.4590000000    106
      127.7670000000       308.9130000000        74.0280000000    107
      127.8880000000       384.3840000000       112.9370000000    108
      128.1410000000       405.8480000000       102.5870000000    109
      128.5700000000       169.4550000000       112.0670000000    110
      129.5750000000       228.0330000000        68.6440000000    111
      129.3710000000       234.6360000000       123.8860000000    112
      129.9830000000       420.0570000000       100.3850000000    113
      130.7230000000       444.4470000000        96.2160000000    114
      131.5940000000       262.7120000000       114.0970000000    115
      132.3630000000       372.6920000000       109.1660000000    116
      132.8990000000       256.6710000000       122.8620000000    117
      133.8290000000       259.9750000000        64.2330000000    118
      134.1640000000       384.2230000000       106.7110000000    119
      134.2570000000       404.4760000000        83.9720000000    120
      135.1030000000       296.0400000000       105.6140000000    121
      135.2330000000       225.8320000000        69.5120000000    122
      135.3620000000       284.3410000000        70.1780000000    123
      135.9680000000       347.7190000000       109.9570000000    124
      135.6550000000       402.3940000000        68.6960000000    125
      136.0970000000       326.2070000000        60.5650000000    126
      136.0500000000       340.0480000000        46.0770000000    127
      136.1180000000       340.8440000000        52.8430000000    128
      137.6980000000       200.6990000000       109.9620000000    129
      137.9240000000       297.7870000000        64.0850000000    130
      138.5280000000       205.5890000000        74.4020000000    131
      138.8150000000       192.9110000000       138.0420000000    132
      138.8680000000       310.9440000000        66.0630000000    133
      140.5620000000       330.8390000000       106.3650000000    134
      141.0520000000       421.3150000000        98.7910000000    135
      141.0570000000       454.5460000000        90.1460000000    136
      142.2320000000       238.9000000000        69.4320000000    137
      142.5290000000       340.0620000000       108.3080000000    138
      143.0660000000       428.3260000000        99.9560000000    139
      143.6010000000       194.4890000000       126.2300000000    140
      143.5810000000       221.7060000000       118.5200000000    141
      144.1060000000       326.3460000000        45.5100000000    142
      144.2060000000       397.5500000000       100.0010000000    143
      145.3850000000       232.4010000000        56.0990000000    144
      145.8730000000       261.0730000000        60.8170000000    145
      146.0550000000       303.3310000000        80.6240000000    146
      145.9120000000       356.0330000000        49.7960000000    147
      146.6830000000       237.8590000000       118.5260000000    148
      147.5920000000       352.4950000000        42.9260000000    149
      148.2480000000       261.7890000000       110.7960000000    150
      149.2650000000       186.8610000000       107.9410000000    151
      149.1170000000       210.3140000000       124.5310000000    152
      149.4040000000       455.5280000000       101.2790000000    153
      150.1450000000       299.0560000000        60.8390000000    154
      150.7080000000       434.0550000000        93.3360000000    155
      151.2810000000       377.5370000000       101.7410000000    156
      151.8760000000       402.6430000000        91.4920000000    157
      152.5400000000       329.9780000000        55.2680000000    158
      153.6980000000       200.4900000000        66.8070000000    159
      154.0190000000       364.2810000000       100.8220000000    160
      154.4000000000       204.5380000000       123.5300000000    161
      154.7210000000       179.0290000000       122.7650000000    162
      155.1510000000       384.0140000000        93.2810000000    163
      155.4850000000       176.1730000000       130.3060000000    164
      155.6690000000       429.8410000000        77.9030000000    165
      155.9250000000       305.2830000000        60.5360000000    166
      155.8890000000       412.9040000000        45.3990000000    167
      157.9170000000       365.8660000000        49.0590000000    168
      158.2400000000       250.7910000000        62.1530000000    169
      158.6830000000       297.5380000000        49.1000000000    170
      159.1050000000       248.0120000000       109.3350000000    171
      160.0070000000       262.9850000000        61.3430000000    172
      159.8050000000       407.3190000000        94.0710000000    173
      160.4380000000       385.5180000000        76.7220000000    174
      160.7490000000       220.6480000000        65.4070000000    175
      161.8730000000       176.9370000000        88.4090000000    176
      161.7250000000       194.7300000000       112.3370000000    177
      162.2890000000       211.0290000000       110.9270000000    178
      162.1900000000       294.5060000000        60.6580000000    179
      162.2100000000       432.6980000000        89.5700000000    180
      162.8640000000       223.0660000000        57.7480000000    181
      162.6040000000       315.2430000000        55.5530000000    182
      163.7430000000       201.0830000000       116.2270000000    183
      164.0090000000       390.0310000000        43.3090000000    184
      164.3530000000       429.7550000000        60.0990000000    185
      164.6620000000       226.8040000000       108.8700000000    186
      165.9540000000       444.9860000000        93.0920000000    187
      166.7380000000       169.1250000000       119.5700000000    188
      166.8760000000       157.3780000000        70.5560000000    189
      167.7400000000       253.3730000000        64.6340000000    190
      168.2920000000       418.4200000000        87.9140000000    191
      168.5400000000       406.4660000000        95.1090000000    192
      169.2550000000       180.1870000000       111.2850000000    193
      169.2300000000       421.9620000000        70.2760000000    194
      170.5010000000       399.9170000000        84.8310000000    195
      170.6590000000       464.5470000000        91.2970000000    196
      170.9850000000       436.3700000000        77.3970000000    197
      171.2960000000       380.5480000000        48.5350000000    198
      171.7350000000       178.9390000000        67.0410000000    199
      171.7760000000       215.1520000000        56.7970000000    200
      171.6710000000       307.3920000000        59.2170000000    201
      171.8000000000       426.8090000000        79.2390000000    202
      172.0610000000       177.2770000000       128.6330000000    203
      172.0960000000       197.2480000000        74.5010000000    204
      172.9240000000       454.8310000000        75.4260000000    205
      173.5190000000       475.4820000000        73.9500000000    206
      174.2610000000       165.9460000000       100.0530000000    207
      174.3940000000       190.8370000000        99.0810000000    208
      174.4870000000       309.5960000000        69.4070000000    209
      174.8420000000       173.0390000000       118.5520000000    210
      175.2120000000       194.4130000000       112.6490000000    211
      175.7760000000       314.3320000000        53.5140000000    212
      175.8280000000       379.5890000000        85.6200000000    213
      176.0130000000       267.0360000000        57.0300000000    214
      176.4400000000       202.5570000000        58.1640000000    215
      176.4620000000       224.3680000000        53.3390000000    216
      177.0290000000       190.2260000000       117.1140000000    217
      176.7370000000       226.7170000000       103.5270000000    218
      177.0140000000       306.7750000000        81.4850000000    219
      178.0250000000       449.1190000000        86.3830000000    220
      178.3450000000       335.5790000000        95.6160000000    221
      178.6710000000       375.7250000000        41.8830000000    222
      179.2890000000       145.1900000000       115.1420000000    223
      179.9680000000       229.4260000000        91.0430000000    224
      180.7650000000       266.9210000000        66.2850000000    225
      181.2610000000       232.4820000000        58.8870000000    226
      181.2340000000       279.0640000000        63.9410000000    227
      181.7020000000       337.3600000000        50.2760000000    228
      181.7190000000       450.0840000000        65.0050000000    229
      182.4080000000       303.7730000000        56.9620000000    230
      182.9160000000       180.0570000000       113.7040000000    231
      183.0180000000       315.1130000000        48.2180000000    232
      183.1530000000       421.3620000000        75.0380000000    233
      183.0600000000       427.4150000000        88.8250000000    234
      184.0810000000       274.4470000000        78.7030000000    235
      183.9040000000       367.3890000000        40.1830000000    236
      184.8360000000       323.5730000000        60.5790000000    237
      185.3240000000       194.5240000000        56.5610000000    238
      186.3100000000       456.4810000000        45.5390000000    239
      186.7840000000       220.4930000000       106.2960000000    240
      188.7290000000       355.1340000000        36.5840000000    241
      189.0650000000       349.4000000000        40.1890000000    242
      189.6450000000       297.9690000000        57.8670000000    243
      190.0190000000       401.6830000000        42.7620000000    244
      191.0100000000       216.7520000000        55.2490000000    245
      191.0250000000       377.1510000000        85.5650000000    246
      191.0290000000       467.9490000000        85.0480000000    247
      191.7380000000       146.0910000000       117.9270000000    248
      192.0630000000       151.8630000000        99.0950000000    249
      191.9830000000       163.4560000000       107.1030000000    250
      191.9420000000       316.3350000000        68.1820000000    251
      193.2200000000       411.7760000000        85.2530000000    252
      193.3690000000       174.3580000000        70.3740000000    253
      195.0580000000       277.8570000000        68.3270000000    254
      195.5490000000       439.2350000000        79.3980000000    255
      195.8200000000       399.3740000000        40.0180000000    256
      197.2900000000       341.8640000000        40.3660000000    257
      197.9840000000       156.3270000000       118.0330000000    258
      197.9860000000       312.3700000000        60.4410000000    259
      197.7340000000       336.7540000000        67.4560000000    260
      198.3030000000       190.7130000000       105.8170000000    261
      199.4760000000       163.9590000000       103.6710000000    262
      199.5190000000       210.5660000000        58.4100000000    263
      199.4190000000       259.3900000000        62.5980000000    264
      201.1710000000       381.8960000000        55.8410000000    265
      201.1480000000       489.3810000000        86.3030000000    266
      201.5640000000       193.8480000000        70.7440000000    267
      202.3520000000       180.5110000000       105.4730000000    268
      202.1910000000       318.3580000000        50.5420000000    269
      202.8080000000       480.1330000000        88.3570000000    270
      203.0390000000       319.5740000000        65.5630000000    271
      203.0010000000       333.7720000000        43.0120000000    272
      204.4670000000       248.6360000000        49.9130000000    273
      205.1190000000       449.6610000000        77.3300000000    274
      205.2750000000       155.6600000000       113.7560000000    275
      205.4930000000       378.3700000000        40.4170000000    276
      205.4730000000       445.0990000000        76.3730000000    277
      206.9670000000       213.9830000000        51.8590000000    278
      206.8300000000       371.5790000000        36.9220000000    279
      207.2650000000       264.6330000000        53.4090000000    280
      207.3660000000       495.1970000000        45.2900000000    281
      208.7960000000       412.2060000000        79.7680000000    282
      209.4240000000       476.0730000000        38.1290000000    283
      209.6860000000       249.2310000000        52.7420000000    284
      210.8790000000       150.5040000000       108.8710000000    285
      210.8580000000       208.5360000000        49.5500000000    286
      211.3980000000       330.7930000000        52.6860000000    287
      211.8270000000       384.7230000000        91.2830000000    288
      212.0190000000       352.6420000000        34.7930000000    289
      212.6110000000       179.6500000000       103.6640000000    290
      212.4820000000       257.2830000000        58.8260000000    291
      213.0270000000       138.1650000000       107.4280000000    292
      213.3700000000       200.5710000000        97.5380000000    293
      213.7430000000       340.8050000000        82.3850000000    294
      214.6000000000       302.7920000000        49.4750000000    295
      214.7520000000       312.9240000000        47.5570000000    296
      215.7220000000       366.8440000000        39.7530000000    297
      216.7510000000       267.6480000000        40.7940000000    298
      217.2160000000       405.8950000000        74.0320000000    299
      217.7040000000       270.7200000000        76.4440000000    300
      218.3220000000       471.0660000000        80.7630000000    301
      218.7910000000       339.7230000000        44.4720000000    302
      219.0950000000       196.6750000000        47.3110000000    303
      219.7450000000       430.3010000000        78.7400000000    304
      220.1780000000       251.2340000000        47.8230000000    305
      220.5650000000       342.7140000000        84.0880000000    306
      221.1190000000       147.9170000000        99.6300000000    307
      221.0570000000       319.4780000000        45.7740000000    308
      221.7980000000       173.7110000000       100.3490000000    309
      221.7890000000       373.9060000000        25.3300000000    310
      222.5170000000       147.7240000000       113.7440000000    311
      222.5610000000       321.0490000000        59.6210000000    312
      222.9240000000       139.5020000000       102.4130000000    313
      222.9250000000       239.7190000000        82.5500000000    314
      223.0370000000       333.7030000000        62.8160000000    315
      223.1510000000       402.1840000000        30.2030000000    316
      223.4920000000       202.3360000000        45.0300000000    317
      224.1140000000       243.7970000000        69.4890000000    318
      223.8140000000       484.0910000000        73.0890000000    319
      224.5400000000       365.9190000000        34.0400000000    320
      225.0260000000       330.6640000000        40.1670000000    321
      225.8960000000       246.0000000000        47.8460000000    322
      225.9690000000       400.2940000000        84.2120000000    323
      226.4780000000       166.5900000000        96.5140000000    324
      226.3000000000       271.0490000000        48.5240000000    325
      227.6650000000       391.6030000000        28.1280000000    326
      227.9430000000       245.6960000000        67.5280000000    327
      227.9070000000       420.0340000000        76.4870000000    328
      228.7320000000       215.7560000000        42.4810000000    329
      228.7370000000       427.0690000000        28.6630000000    330
      228.8680000000       452.6460000000        65.0280000000    331
      228.5600000000       492.3350000000        85.7730000000    332
      230.5460000000       145.3560000000       109.8630000000    333
      231.5760000000       486.4530000000        76.7020000000    334
      231.8690000000       389.8120000000        35.2760000000    335
      232.1040000000       169.8620000000       106.0180000000    336
      232.4170000000       262.3480000000        53.1850000000    337
      232.8770000000       156.3960000000        80.1870000000    338
      233.3020000000       204.8850000000        48.7600000000    339
      233.4600000000       330.0130000000        48.2010000000    340
      233.6060000000       395.4810000000        34.9040000000    341
      234.3810000000       433.6960000000        38.3440000000    342
      234.1380000000       459.4050000000        76.5340000000    343
      234.7340000000       182.6300000000        98.2470000000    344
      235.1340000000       143.3690000000        95.2480000000    345
      234.8880000000       420.8310000000        61.4290000000    346
      234.8590000000       434.4460000000        81.7610000000    347
      235.5350000000       239.9200000000        43.1570000000    348
      236.8570000000       243.5930000000        64.7260000000    349
      237.5260000000       401.9930000000        82.2780000000    350
      237.2810000000       443.6410000000        56.7820000000    351
      237.9120000000       321.7530000000        55.2430000000    352
      238.9360000000       374.5830000000        69.8230000000    353
      239.3690000000       442.9700000000        80.9390000000    354
      239.5630000000       470.0140000000        71.4510000000    355
      239.6650000000       334.6540000000        38.0870000000    356
      240.2420000000       322.5180000000        37.8880000000    357
      241.8760000000       196.6770000000        44.3620000000    358
      241.8510000000       459.8090000000        56.2120000000    359
      242.3530000000       123.8000000000        93.4600000000    360
      242.3870000000       378.4580000000        31.7460000000    361
      243.2550000000       147.3640000000        98.5410000000    362
      244.1890000000       181.9960000000        97.6070000000    363
      244.2210000000       324.1980000000        69.2310000000    364
      244.8640000000       332.1270000000        39.6330000000    365
      245.3390000000       164.8730000000       101.6340000000    366
      245.3600000000       483.5340000000        71.8980000000    367
      246.6070000000       223.6620000000        34.2680000000    368
      247.0590000000       212.5330000000        89.1960000000    369
      246.9760000000       237.8390000000        45.3210000000    370
      247.8310000000       257.1470000000        69.5120000000    371
      247.7860000000       419.0070000000        27.0490000000    372
      248.1700000000       376.5330000000        27.5150000000    373
      248.8810000000       449.0370000000        74.4460000000    374
      249.7270000000       157.4580000000        86.9100000000    375
      249.8700000000       347.0750000000        79.9060000000    376
      250.0370000000       136.3570000000       105.2440000000    377
      250.9120000000       256.3050000000        50.7320000000    378
      251.2600000000       456.0130000000        79.9320000000    379
      251.5120000000       179.7820000000        82.3940000000    380
      251.8670000000       369.9270000000        22.0140000000    381
      252.1190000000       432.2810000000        73.2540000000    382
      251.8710000000       456.8260000000        53.2140000000    383
      253.0470000000       188.5260000000        39.6360000000    384
      254.0610000000       331.8880000000        72.1730000000    385
      253.9960000000       473.8570000000        72.3670000000    386
      254.1010000000       488.5310000000        67.6270000000    387
      254.5720000000       204.5890000000        44.7540000000    388
      254.8680000000       277.9830000000        46.0780000000    389
      254.8630000000       339.3620000000        34.4150000000    390
      255.6970000000       335.8420000000        39.4020000000    391
      255.9080000000       127.5330000000        91.2410000000    392
      257.5860000000       382.7310000000        22.7770000000    393
      258.5390000000       357.3070000000        26.4820000000    394
      258.7250000000       166.7260000000        92.2340000000    395
      259.3000000000       485.7540000000        75.0460000000    396
      260.2270000000       218.4280000000        97.5430000000    397
      260.2090000000       317.7400000000        38.6330000000    398
      260.8060000000       245.3910000000        60.8100000000    399
      260.6190000000       358.4780000000        18.1820000000    400
      261.8640000000       228.8760000000        37.2240000000    401
      262.4050000000       347.9500000000        31.2590000000    402
      263.0010000000       197.8830000000        89.9470000000    403
      263.9240000000       215.4850000000        43.6800000000    404
      263.8310000000       461.8730000000        71.7320000000    405
      264.4960000000       182.4250000000        70.3840000000    406
      265.1970000000       449.6080000000        58.3270000000    407
      265.9110000000       157.9980000000        57.4800000000    408
      266.2400000000       161.9710000000        91.4850000000    409
      266.3260000000       197.9910000000        31.8140000000    410
      266.3480000000       265.9730000000        35.0550000000    411
      266.1480000000       353.2030000000        51.4290000000    412
      266.3400000000       443.5010000000        76.8560000000    413
      266.7510000000       174.3940000000        90.7110000000    414
      267.1010000000       135.7260000000        93.9140000000    415
      267.0740000000       325.2750000000        59.1210000000    416
      266.8950000000       459.1540000000        64.6940000000    417
      267.6070000000       182.9600000000        93.9770000000    418
      267.4690000000       487.1570000000        65.1120000000    419
      268.0310000000       140.2380000000       101.0330000000    420
      268.2680000000       141.6220000000        81.8330000000    421
      268.2740000000       275.8760000000        44.8150000000    422
      269.0050000000       333.3480000000        53.2330000000    423
      270.1460000000       426.3310000000        27.1710000000    424
      271.2290000000       213.2620000000        37.9390000000    425
      271.3170000000       348.4360000000        30.8350000000    426
      271.6150000000       375.0870000000        25.9620000000    427
      271.9910000000       148.5350000000        95.8500000000    428
      272.1680000000       420.4900000000        25.6520000000    429
      272.8520000000       389.5800000000        21.6760000000    430
      273.1750000000       416.4420000000        81.6360000000    431
      273.4780000000       329.6500000000        39.6990000000    432
      273.8730000000       155.4050000000        80.8550000000    433
      274.6970000000       158.8540000000        95.0140000000    434
      275.0460000000       248.1470000000        52.9720000000    435
      274.8110000000       396.8500000000        22.9820000000    436
      275.3750000000       453.5990000000        78.2250000000    437
      276.1880000000       496.9900000000        30.9970000000    438
      276.7900000000       199.1910000000        38.3880000000    439
      276.8720000000       478.6850000000        28.9680000000    440
      277.3640000000       410.8020000000        26.4530000000    441
      278.2330000000       131.8210000000        99.6400000000    442
      277.9730000000       324.3790000000        43.8910000000    443
      277.9490000000       477.4050000000        78.0650000000    444
      278.9830000000       335.5430000000        24.0360000000    445
      278.9620000000       462.5620000000        77.8690000000    446
      279.7380000000       456.8040000000        67.8290000000    447
      280.5170000000       396.9950000000        24.1110000000    448
      280.3340000000       444.1580000000        77.0330000000    449
      281.0070000000       248.5200000000        50.0980000000    450
      280.7780000000       251.1180000000        35.6270000000    451
      281.3230000000       144.1920000000        78.7960000000    452
      281.4560000000       207.2250000000        34.6950000000    453
      282.2510000000       395.9900000000        82.1030000000    454
      282.5040000000       399.6210000000        54.0730000000    455
      284.1570000000       340.7060000000        26.1780000000    456
      284.8270000000       377.5410000000        21.2750000000    457
      285.5800000000       140.3270000000        44.2490000000    458
      285.8000000000       240.2730000000        38.9880000000    459
      286.2820000000       147.8760000000        95.1560000000    460
      286.9010000000       342.9230000000        60.6570000000    461
      287.7000000000       220.4890000000        27.1080000000    462
      287.5100000000       443.5260000000        74.5840000000    463
      288.4050000000       415.4780000000        18.9220000000    464
      289.8260000000       476.8800000000        76.3510000000    465
      290.3360000000       242.6640000000        51.4050000000    466
      291.6280000000       239.5370000000        32.2750000000    467
      291.5450000000       327.9620000000        23.9220000000    468
      291.5150000000       328.3640000000        36.6510000000    469
      291.9780000000       140.9430000000        80.9100000000    470
      291.9030000000       351.8770000000        33.8340000000    471
      291.7980000000       447.6150000000        78.1760000000    472
      292.2560000000       172.5020000000        93.5420000000    473
      292.2310000000       177.1190000000        88.3380000000    474
      292.2560000000       484.4590000000        67.8530000000    475
      292.7860000000       253.3460000000        59.9680000000    476
      292.6090000000       270.8400000000        39.9980000000    477
      293.6300000000       356.0030000000        67.6770000000    478
      293.3990000000       383.3630000000        74.9260000000    479
      294.1080000000       455.4510000000        62.2250000000    480
      294.4290000000       201.2490000000        39.9820000000    481
      295.3930000000       127.4670000000        90.6180000000    482
      295.5450000000       419.1460000000        75.9230000000    483
      295.5860000000       507.6000000000        84.2780000000    484
      296.2510000000       203.2270000000        32.5010000000    485
      297.2960000000       316.1620000000        36.3680000000    486
      297.5160000000       157.0310000000        89.5510000000    487
      297.5140000000       242.4740000000        31.0210000000    488
      298.6970000000       160.9630000000        95.8000000000    489
      298.9560000000       466.6800000000        73.3260000000    490
      299.8590000000       278.8490000000        33.6480000000    491
      300.1860000000       170.6850000000        85.9740000000    492
      300.2430000000       423.0130000000        18.0950000000    493
      300.7270000000       227.4820000000        32.9350000000    494
      300.9930000000       199.6210000000        32.4620000000    495
      301.1020000000       426.6370000000        25.9960000000    496
      301.3280000000       254.2340000000        34.7590000000    497
      301.7180000000       111.6770000000        94.9120000000    498
      301.8330000000       130.6470000000        98.9090000000    499
      302.8030000000       483.0270000000        74.8790000000    500
      303.0400000000       267.9220000000        33.7340000000    501
      303.1980000000       448.2430000000        77.9110000000    502
      304.1960000000       360.5110000000        69.6750000000    503
      304.8340000000       332.0740000000        50.0640000000    504
      305.0880000000       498.3430000000        63.4530000000    505
      305.4830000000       116.3100000000       110.9230000000    506
      305.4700000000       469.4730000000        60.8860000000    507
      305.4690000000       473.5050000000        74.7590000000    508
      305.8190000000       175.6380000000        90.3450000000    509
      305.9700000000       454.4070000000        62.1720000000    510
      306.1670000000       132.8680000000        96.8860000000    511
      306.3110000000       255.9860000000        33.4460000000    512
      306.8210000000       247.2420000000        42.3160000000    513
      307.8400000000       341.5540000000        23.7070000000    514
      308.1250000000       423.5850000000        24.5490000000    515
      308.6540000000       169.0470000000        42.2690000000    516
      308.4820000000       226.2920000000        81.4510000000    517
      308.6710000000       397.2580000000        19.5360000000    518
      309.9430000000       248.5300000000        33.4850000000    519
      309.7020000000       343.1390000000        34.6970000000    520
      310.2750000000       343.7940000000        55.3800000000    521
      310.5540000000       187.6030000000        86.6470000000    522
      310.9090000000       158.9970000000        55.7680000000    523
      311.2270000000       223.6850000000        31.8300000000    524
      311.4800000000       434.9060000000        25.9870000000    525
      311.5950000000       416.6550000000        23.7810000000    526
      312.1290000000       359.5760000000        21.6900000000    527
      312.5680000000       346.1090000000        40.4710000000    528
      312.8930000000       170.3160000000        41.2020000000    529
      313.0680000000       477.2610000000        60.3600000000    530
      313.5230000000       197.5810000000        28.8290000000    531
      313.7840000000       358.7390000000        61.1450000000    532
      314.6890000000       478.4040000000        73.9540000000    533
      315.4150000000       431.5790000000        70.2470000000    534
      315.8630000000       174.6570000000        79.5730000000    535
      316.2400000000       151.3020000000        87.9280000000    536
      316.0390000000       153.9160000000        62.5400000000    537
      315.9660000000       441.5090000000        26.2470000000    538
      316.5490000000       113.4200000000        99.6670000000    539
      316.5240000000       498.3750000000        71.3520000000    540
      318.4810000000       340.4570000000        40.1820000000    541
      318.7850000000       269.1250000000        24.7970000000    542
      319.0530000000       272.3120000000        38.1450000000    543
      319.1390000000       168.0910000000        87.7380000000    544
      320.2060000000       460.2740000000        52.5010000000    545
      320.9820000000       451.6840000000        75.6890000000    546
      321.2220000000       130.6330000000        96.1240000000    547
      321.5560000000       147.3290000000        98.6340000000    548
      321.5270000000       438.5810000000        73.0740000000    549
      321.8500000000       479.8790000000        49.8370000000    550
      322.6040000000       398.3910000000        19.3310000000    551
      322.6800000000       205.8150000000        24.2280000000    552
      323.1790000000       353.3000000000        52.8220000000    553
      323.8770000000       201.5470000000        86.1780000000    554
      324.1690000000       254.0090000000        44.8820000000    555
      324.0130000000       410.6890000000        15.3810000000    556
      324.7010000000       198.8890000000        33.4160000000    557
      324.6260000000       246.2520000000        44.4980000000    558
      324.9770000000       339.0330000000        23.7860000000    559
      325.3320000000       236.9440000000        28.3810000000    560
      325.4640000000       172.4870000000        34.7490000000    561
      325.4890000000       424.3180000000        77.2390000000    562
      326.0820000000       398.7200000000        13.9070000000    563
      326.1460000000       494.6100000000        61.5030000000    564
      326.4350000000       387.3030000000        51.4710000000    565
      326.5200000000       397.2050000000        56.7930000000    566
      326.7570000000       370.1030000000        15.6550000000    567
      327.5910000000       155.2860000000        74.8010000000    568
      327.8350000000       208.0060000000        26.4110000000    569
      328.1220000000       433.2370000000        51.7970000000    570
      328.5020000000       140.4840000000        84.8850000000    571
      328.9820000000       520.5030000000        74.2740000000    572
      329.9220000000       350.4830000000        34.6970000000    573
      330.0080000000       461.6910000000        70.5770000000    574
      330.4660000000       141.8210000000        75.1220000000    575
      330.3710000000       457.9070000000        80.7040000000    576
      330.5660000000       266.3180000000        24.0970000000    577
      331.2400000000       228.2760000000        72.1500000000    578
      333.1470000000       114.6500000000        91.2430000000    579
      333.1670000000       259.1330000000        48.0650000000    580
      333.4550000000       176.9170000000        85.2140000000    581
      333.3740000000       430.3730000000        12.8870000000    582
      333.7030000000       341.3730000000        23.6680000000    583
      334.1470000000       208.5940000000        31.5870000000    584
      334.1560000000       468.1870000000        80.7320000000    585
      335.2310000000       351.7880000000        23.1670000000    586
      335.0510000000       437.8860000000        31.3430000000    587
      334.9580000000       488.8220000000        53.4820000000    588
      335.7700000000       252.7350000000        32.7580000000    589
      336.3370000000       150.7550000000        90.6570000000    590
      336.1910000000       438.1100000000        15.0740000000    591
      336.7700000000       446.1790000000        77.8410000000    592
      337.3800000000       364.2090000000        17.1760000000    593
      337.8620000000       465.6720000000        42.3010000000    594
      338.0020000000       488.4430000000        67.7890000000    595
      338.1570000000       143.0170000000        91.4640000000    596
      338.1490000000       251.9840000000        65.3430000000    597
      339.2030000000       124.4780000000        82.1930000000    598
      339.6150000000       392.1750000000        42.1620000000    599
      339.3670000000       397.0600000000        38.4960000000    600
      339.3630000000       432.8190000000        10.8450000000    601
      340.0060000000       227.5680000000        30.0510000000    602
      340.2840000000       359.6920000000        64.4610000000    603
      340.1530000000       426.9250000000        79.3190000000    604
      340.5180000000       164.3210000000        40.9660000000    605
      340.5120000000       334.9780000000        28.3690000000    606
      340.9450000000       163.5700000000        87.0240000000    607
      341.3430000000       128.2900000000        92.4150000000    608
      341.9180000000       206.9930000000        29.6880000000    609
      343.3100000000       258.2470000000        66.2780000000    610
      343.7730000000       418.5470000000        17.0280000000    611
      344.0370000000       346.0040000000        34.4370000000    612
      344.4420000000       458.3610000000        74.3050000000    613
      345.1350000000       462.0610000000        12.8420000000    614
      346.3210000000       130.0960000000        84.4260000000    615
      346.0280000000       148.2660000000        82.5320000000    616
      346.2250000000       173.9190000000        50.7100000000    617
      346.0660000000       243.0670000000        52.8390000000    618
      346.2600000000       327.6390000000        24.9310000000    619
      347.4790000000       183.5800000000        82.5640000000    620
      347.8300000000       360.6030000000        63.4870000000    621
      347.9780000000       377.5350000000        18.6500000000    622
      347.9960000000       383.5700000000        12.1330000000    623
      348.8910000000       245.3800000000        29.8520000000    624
      348.9300000000       256.7040000000        36.6820000000    625
      348.9860000000       348.9770000000        21.7800000000    626
      349.2860000000       357.4830000000        47.1580000000    627
      351.0210000000       246.4390000000        43.4740000000    628
      350.9820000000       252.0510000000        60.4610000000    629
      350.7820000000       261.9070000000        37.9530000000    630
      351.1600000000       507.6890000000        69.1800000000    631
      351.5560000000       378.0220000000        60.7140000000    632
      352.1730000000       142.7160000000        71.2160000000    633
      351.9710000000       179.9750000000        25.3870000000    634
      352.5810000000       201.5240000000        26.1840000000    635
      352.6350000000       488.0230000000        64.3120000000    636
      352.9400000000       168.9030000000        48.6980000000    637
      352.7800000000       367.2690000000        50.9380000000    638
      353.2640000000       140.3260000000        93.9480000000    639
      353.1080000000       357.4910000000        31.1470000000    640
      354.0910000000       153.6280000000        85.5030000000    641
      354.0260000000       413.8450000000        11.6560000000    642
      354.3930000000       117.9580000000        73.9280000000    643
      354.2780000000       233.6580000000        29.9380000000    644
      354.5390000000       258.4430000000        28.5060000000    645
      354.3250000000       374.6460000000        20.4010000000    646
      355.0700000000       173.7140000000        88.4180000000    647
      355.3700000000       436.7970000000        13.8560000000    648
      356.0870000000       195.4820000000        27.1400000000    649
      357.5310000000       104.7290000000       109.3040000000    650
      358.2110000000       185.9040000000        34.7110000000    651
      358.2050000000       240.2960000000        58.5440000000    652
      358.9870000000       266.2060000000        30.1620000000    653
      359.4170000000       471.9990000000        75.7730000000    654
      360.9120000000       457.7250000000        78.1530000000    655
      361.1240000000       347.2670000000        30.5380000000    656
      361.3990000000       490.0710000000        70.5190000000    657
      361.9810000000       188.7560000000        25.6780000000    658
      361.9880000000       329.6250000000        25.8740000000    659
      362.0860000000       404.2410000000        13.7920000000    660
      362.2030000000       233.2180000000        39.6760000000    661
      362.2620000000       468.8430000000        49.1590000000    662
      362.6130000000       459.4360000000        70.3140000000    663
      363.2520000000       240.2560000000        41.6020000000    664
      363.1000000000       362.2790000000        56.1680000000    665
      363.6030000000       132.7860000000        63.8150000000    666
      363.4260000000       258.2950000000        35.6390000000    667
      363.7770000000       180.6210000000        33.3120000000    668
      364.3520000000       350.9380000000        30.5350000000    669
      364.9780000000       185.3650000000        83.2020000000    670
      365.5040000000       363.1450000000        31.6300000000    671
      365.8950000000       110.9160000000       118.7900000000    672
      366.0680000000       429.1120000000        70.8060000000    673
      366.1980000000       276.5250000000        29.6080000000    674
      367.5440000000       125.4310000000        93.3820000000    675
      368.1380000000       164.6550000000        26.5680000000    676
      370.8890000000       449.8770000000        31.6450000000    677
      371.4550000000       213.0140000000        31.7830000000    678
      371.5230000000       272.0340000000        20.0450000000    679
      371.3290000000       408.4700000000        11.5860000000    680
      372.1630000000       196.2330000000        25.6860000000    681
      372.3500000000       348.9930000000        13.1330000000    682
      373.1850000000       355.5480000000        45.1440000000    683
      373.1760000000       498.9370000000        72.1650000000    684
      373.2970000000       480.7460000000        64.5290000000    685
      373.9880000000       501.1320000000        60.8550000000    686
      374.5930000000       389.1850000000        34.9030000000    687
      376.9250000000       344.0790000000        13.0400000000    688
      376.8490000000       470.7250000000        74.6640000000    689
      377.8600000000       248.3690000000        25.7700000000    690
      378.2580000000       111.9850000000        89.6200000000    691
      378.0610000000       203.7700000000        82.1020000000    692
      378.9910000000       371.1300000000        21.1520000000    693
      379.3180000000       156.8950000000        86.4680000000    694
      379.1680000000       257.0620000000        26.9190000000    695
      379.5390000000       512.2800000000        75.7030000000    696
      379.6900000000       387.7620000000        70.4800000000    697
      380.1890000000       359.7840000000        30.8440000000    698
      380.2740000000       401.2140000000        11.7560000000    699
      380.2790000000       518.4690000000        71.6260000000    700
      381.3700000000       372.2720000000        44.5420000000    701
      381.6280000000       144.6060000000        87.2010000000    702
      381.8570000000       265.3110000000        26.4340000000    703
      382.5650000000       259.3260000000        42.3850000000    704
      382.5910000000       426.6310000000        12.5440000000    705
      382.3280000000       484.0730000000        69.5640000000    706
      383.4180000000       150.3420000000        68.9340000000    707
      383.9160000000       258.2630000000        64.3010000000    708
      384.2340000000       419.8400000000        68.2440000000    709
      385.3020000000       456.6070000000        78.9500000000    710
      386.4740000000       180.3970000000        30.2820000000    711
      386.2970000000       252.4470000000        35.4700000000    712
      388.3180000000       115.8820000000        96.6990000000    713
      389.0070000000       135.8200000000        91.3820000000    714
      388.9310000000       158.3220000000        83.3960000000    715
      389.0220000000       236.8640000000        21.0400000000    716
      388.9280000000       496.2870000000        76.4860000000    717
      390.0430000000       246.7740000000        67.9360000000    718
      390.9060000000       263.4720000000        35.2310000000    719
      390.9900000000       344.5290000000        21.8360000000    720
      390.9170000000       360.2030000000        20.0310000000    721
      390.9680000000       381.3880000000        11.9740000000    722
      391.6430000000       159.8310000000        72.1720000000    723
      392.0690000000       254.6690000000        75.0060000000    724
      392.4630000000       450.2270000000        79.6290000000    725
      392.8400000000       533.7420000000        25.5870000000    726
      394.0520000000       200.6070000000        22.5430000000    727
      394.7030000000       112.7290000000        44.2730000000    728
      396.5120000000       277.2090000000        25.0790000000    729
      396.6480000000       368.7050000000        15.2660000000    730
      397.6810000000       134.6850000000        92.0830000000    731
      397.9090000000       417.9390000000        10.5780000000    732
      398.3950000000       161.5520000000        38.9100000000    733
      398.4940000000       233.9730000000        18.7620000000    734
      398.1580000000       502.1590000000        75.5830000000    735
      398.6670000000       391.3990000000        11.6700000000    736
      398.6500000000       483.5400000000        75.9300000000    737
      399.0610000000       368.6990000000        24.7400000000    738
      399.4040000000       130.1700000000        75.7820000000    739
      399.6800000000       438.6950000000         6.9120000000    740
      402.6940000000       168.2310000000        22.8630000000    741
      403.9660000000       181.4800000000        31.6630000000    742
      404.4350000000       131.7730000000        76.4980000000    743
      404.3710000000       168.5570000000        82.8600000000    744
      405.2290000000       441.8530000000        13.5200000000    745
      405.9330000000       182.5750000000        80.7560000000    746
      406.1290000000       129.4800000000        94.2390000000    747
      406.6570000000       421.2150000000         9.4280000000    748
      407.3220000000       150.3340000000        89.9310000000    749
      407.2470000000       220.5000000000        17.7940000000    750
      407.4930000000       267.1650000000        36.4990000000    751
      407.9760000000       426.0740000000         8.8670000000    752
      407.8050000000       451.8050000000        71.3710000000    753
      408.3790000000       253.5480000000        29.7190000000    754
      409.0490000000       396.5800000000        23.6030000000    755
      410.3810000000       389.5030000000        42.1610000000    756
      411.4050000000       198.0790000000        75.3480000000    757
      411.3730000000       239.2610000000        68.1510000000    758
      411.3370000000       415.8530000000         9.0000000000    759
      411.1940000000       493.8810000000        68.1490000000    760
      411.8490000000       203.7330000000        21.0750000000    761
      411.6700000000       253.2530000000        59.9600000000    762
      412.4310000000       429.6000000000        73.1400000000    763
      413.5920000000       451.9400000000        14.3290000000    764
      414.0280000000       151.7830000000        86.3800000000    765
      414.0600000000       353.2900000000        28.5590000000    766
      414.7190000000       268.5010000000        30.9510000000    767
      414.6700000000       378.4060000000        29.2130000000    768
      414.4350000000       381.7410000000        16.5050000000    769
      415.3640000000       112.2680000000        91.4820000000    770
      415.3290000000       464.3420000000        38.1040000000    771
      415.8820000000       236.7020000000         7.4430000000    772
      415.6750000000       242.5650000000        54.0150000000    773
      416.4140000000       124.6840000000        79.6480000000    774
      416.8430000000       203.4250000000        19.9760000000    775
      417.3510000000       133.0040000000        88.1830000000    776
      417.7030000000       178.5550000000        18.4310000000    777
      417.6790000000       196.4380000000        18.0830000000    778
      418.4850000000       389.9670000000        54.7500000000    779
      419.0320000000       135.4920000000        31.2870000000    780
      418.7530000000       220.2090000000        27.1380000000    781
      419.5840000000       250.1130000000        34.3070000000    782
      420.2670000000       162.1060000000        20.4590000000    783
      420.9850000000       279.4700000000        19.3890000000    784
      421.0990000000       247.3740000000        67.8960000000    785
      423.9310000000       164.4640000000        82.7830000000    786
      424.8470000000       436.1640000000         6.4910000000    787
      425.1790000000       303.9860000000        23.5340000000    788
      426.8570000000       195.7610000000        74.9070000000    789
      427.3510000000       149.1220000000        40.6470000000    790
      427.2440000000       157.1310000000        36.6570000000    791
      427.0920000000       457.8170000000        32.7380000000    792
      428.3160000000       375.0090000000        22.9060000000    793
      428.5030000000       514.9820000000        22.9400000000    794
      430.1420000000       238.7140000000        18.7550000000    795
      430.5640000000       131.9000000000        62.0770000000    796
      430.8060000000       395.9560000000        46.9100000000    797
      430.8990000000       443.6960000000        32.5330000000    798
      430.7280000000       507.8730000000        22.3290000000    799
      431.1230000000       135.0770000000        92.9660000000    800
      431.1190000000       254.8630000000        27.5440000000    801
      432.6860000000       153.4230000000        86.1600000000    802
      434.0030000000       193.1000000000        18.0260000000    803
      433.9570000000       376.0690000000        22.8220000000    804
      434.1520000000       167.4290000000        25.4390000000    805
      434.4680000000       187.7700000000        18.7880000000    806
      434.2570000000       393.0370000000        12.2840000000    807
      434.5550000000       246.1250000000        52.1220000000    808
      434.7290000000       434.7320000000        26.3590000000    809
      435.0180000000       245.2910000000        42.1790000000    810
      435.2250000000       431.3580000000         4.4770000000    811
      436.6880000000       163.1060000000        24.6470000000    812
      436.5240000000       460.3520000000         8.5800000000    813
      437.3990000000       362.2760000000        17.5280000000    814
      437.8170000000       155.7910000000        45.0560000000    815
      438.6120000000       228.6920000000        66.3640000000    816
      439.3080000000       442.4340000000        13.1120000000    817
      439.3690000000       509.8390000000        25.3180000000    818
      440.2480000000       358.5130000000        27.7220000000    819
      440.3860000000       378.4960000000        17.8640000000    820
      440.7400000000       144.5870000000        84.0640000000    821
      440.7680000000       182.3630000000        76.4460000000    822
      440.9620000000       269.7770000000        21.0930000000    823
      441.8710000000       203.9820000000        22.2370000000    824
      442.4560000000       252.3840000000        51.4330000000    825
      443.8560000000       244.3150000000        40.4180000000    826
      445.7040000000       147.6100000000        22.7760000000    827
      445.8070000000       432.3980000000         6.5010000000    828
      446.2090000000       203.2840000000        77.0940000000    829
      446.1290000000       216.5120000000        26.2210000000    830
      446.0710000000       374.3950000000        55.4480000000    831
      447.2170000000       260.8390000000        58.5780000000    832
      447.5320000000       360.0260000000        15.6100000000    833
      447.7520000000       359.7400000000        23.1970000000    834
      447.5660000000       424.7870000000         2.7000000000    835
      448.0520000000       259.0180000000        18.7350000000    836
      449.2240000000       138.7030000000        86.2680000000    837
      449.1820000000       367.5320000000        19.7610000000    838
      451.8460000000       414.0370000000        17.3970000000    839
      451.8720000000       444.4870000000        15.6300000000    840
      452.2290000000       152.6610000000        82.2860000000    841
      452.1550000000       220.8010000000         7.2000000000    842
      452.6870000000       424.9080000000         8.4830000000    843
      453.0000000000       237.5200000000        64.0170000000    844
      453.0460000000       407.1370000000        11.4790000000    845
      453.4410000000       181.3310000000        52.1830000000    846
      453.4240000000       208.8750000000        20.6100000000    847
      453.4590000000       422.7760000000        33.7080000000    848
      453.9210000000       457.3270000000        12.5310000000    849
      454.3620000000       451.6890000000        65.8920000000    850
      455.1460000000       398.7770000000        55.5820000000    851
      456.3340000000       432.8380000000        33.8400000000    852
      456.2780000000       446.3730000000        15.7050000000    853
      457.0200000000       395.8480000000        14.3930000000    854
      457.1510000000       393.0040000000        28.4610000000    855
      457.8910000000       378.4430000000        44.3610000000    856
      458.6020000000       221.2630000000        17.1180000000    857
      459.8910000000       239.8130000000        26.5450000000    858
      460.5880000000       131.5210000000        80.0570000000    859
      460.8140000000       398.0080000000        12.4860000000    860
      461.7200000000       161.5380000000        75.7370000000    861
      463.1390000000       418.6460000000         4.2260000000    862
      463.6500000000       390.3150000000        43.1690000000    863
      464.2530000000       427.5750000000         9.2990000000    864
      466.1740000000       200.9710000000        20.0180000000    865
      466.5880000000       377.8420000000        33.8240000000    866
      467.6420000000       222.1870000000        10.7820000000    867
      469.0560000000       257.7280000000        30.5910000000    868
      468.9570000000       410.6660000000        10.5340000000    869
      469.1110000000       454.8350000000        23.8650000000    870
      469.4740000000       371.4150000000        18.0380000000    871
      471.4620000000       188.1210000000        19.5250000000    872
      471.6630000000       442.1590000000         5.9120000000    873
      471.5380000000       452.5380000000        61.2230000000    874
      472.3350000000       251.3570000000        64.2590000000    875
      472.5330000000       199.5520000000        17.8170000000    876
      472.6240000000       407.6240000000        56.4910000000    877
      473.0480000000       239.0520000000        28.3410000000    878
      473.8240000000       391.0110000000        44.5200000000    879
      475.5860000000       142.9700000000        72.2820000000    880
      475.6260000000       373.8440000000        14.6780000000    881
      476.1580000000       362.0940000000        14.0530000000    882
      476.5620000000       224.4760000000        12.8510000000    883
      476.4810000000       389.7890000000         9.3530000000    884
      476.9120000000       189.0690000000        13.1510000000    885
      477.0960000000       384.8790000000        10.7460000000    886
      477.1760000000       431.1310000000        65.8410000000    887
      479.2170000000       410.6740000000         6.1500000000    888
      480.3240000000       196.2860000000        42.1290000000    889
      480.1100000000       489.6770000000        17.5560000000    890
      481.3260000000       434.5210000000        27.2340000000    891
      482.7620000000       162.2980000000        71.9310000000    892
      483.6100000000       216.9940000000        17.1560000000    893
      484.1040000000       188.4610000000        13.4710000000    894
      484.1210000000       237.8100000000        11.3000000000    895
      484.2600000000       436.2350000000         6.0490000000    896
      484.6270000000       283.4720000000        17.8100000000    897
      484.7600000000       238.1030000000        54.5580000000    898
      485.3660000000       233.0830000000        28.7190000000    899
      485.2490000000       243.7080000000        12.1310000000    900
      486.4550000000       251.7660000000        13.4860000000    901
      486.8120000000       479.7120000000        20.8200000000    902
      487.6350000000       409.9120000000        52.7920000000    903
      488.2480000000       235.5230000000        11.7370000000    904
      489.5840000000       263.7170000000        13.0730000000    905
      490.8490000000       462.7710000000        10.7950000000    906
      491.2210000000       455.5040000000        54.7830000000    907
      492.1020000000       431.9850000000        38.8000000000    908
      492.1210000000       444.6800000000         7.3780000000    909
      492.4020000000       222.3260000000        42.1590000000    910
      493.3560000000       384.5960000000        18.6960000000    911
      493.6040000000       240.6240000000        29.0290000000    912
      493.8200000000       400.5390000000        42.3830000000    913
      494.3050000000       419.1980000000        11.2510000000    914
      495.5390000000       359.6620000000         4.8580000000    915
      496.1840000000       255.5090000000        31.1120000000    916
      497.1730000000       402.0030000000        23.4880000000    917
      497.1640000000       409.7590000000         8.6440000000    918
      497.8130000000       454.8080000000         8.0570000000    919
      498.7630000000       200.2620000000        11.5890000000    920
      498.9650000000       175.0190000000        15.7000000000    921
      499.0360000000       243.5540000000        13.4780000000    922
      499.8560000000       433.2050000000         6.4910000000    923
      500.9990000000       196.7060000000        66.9480000000    924
      501.5880000000       128.1840000000        66.9830000000    925
      502.0820000000       406.5940000000        40.0960000000    926
      502.5270000000       211.2550000000        20.7440000000    927
      503.0400000000       405.6200000000        22.7930000000    928
      503.0810000000       434.3540000000        57.9760000000    929
      505.1680000000       199.8320000000        13.1550000000    930
      506.7100000000       239.2850000000        34.0560000000    931
      507.5200000000       418.7760000000        21.6230000000    932
      507.8290000000       219.9160000000        17.4600000000    933
      510.3730000000       216.8930000000        44.3100000000    934
      511.1620000000       218.3440000000        54.7850000000    935
      513.4310000000       448.1740000000         7.3330000000    936
      513.6440000000       231.1840000000        29.0160000000    937
      514.0860000000       453.0120000000        12.0140000000    938
      514.0530000000       452.9280000000        42.1980000000    939
      515.3720000000       230.1660000000        12.1800000000    940
      515.4040000000       428.5890000000        21.4940000000    941
      516.3040000000       111.1920000000        35.1600000000    942
      519.1240000000       429.5590000000         2.8530000000    943
      521.0080000000       198.1830000000        14.9930000000    944
      521.5400000000       203.5360000000        12.4420000000    945
      523.3170000000       241.8600000000        21.4410000000    946
      524.0690000000       477.7590000000        47.9490000000    947
      526.2450000000       199.9850000000        16.3460000000    948
      526.4640000000       468.6590000000        15.7920000000    949
      528.6700000000       186.4320000000        37.5240000000    950
      528.9490000000       423.4360000000        43.1880000000    951
      529.7280000000       406.4940000000        46.6090000000    952
      529.7080000000       479.3600000000        13.8750000000    953
      530.4960000000       412.5580000000        18.5470000000    954
      530.7380000000       193.2300000000        20.1690000000    955
      532.4000000000       536.9410000000        22.1940000000    956
      533.4890000000       234.7400000000        32.4160000000    957
      534.2760000000       518.7270000000        19.9910000000    958
      534.5630000000       228.6090000000        53.7800000000    959
      535.0250000000       208.0340000000        49.6750000000    960
      535.4850000000       464.6630000000        22.3240000000    961
      539.2490000000       217.3810000000         8.2750000000    962
      542.7110000000       246.7070000000        36.5290000000    963
      542.5930000000       425.1240000000         9.3810000000    964
      545.3770000000       203.1560000000        12.6730000000    965
      545.2210000000       413.7410000000        38.4770000000    966
      545.2350000000       450.1340000000        19.1820000000    967
      546.1950000000       405.2450000000        28.0350000000    968
      546.7550000000       249.8540000000        12.6580000000    969
      547.8830000000       380.1940000000        11.9800000000    970
      548.3890000000       464.1040000000         9.7350000000    971
      548.9030000000       396.2400000000        12.9570000000    972
      548.9090000000       434.5330000000        50.8850000000    973
      550.1260000000       232.2000000000         9.1650000000    974
      550.4890000000       432.9050000000        28.0620000000    975
      552.7320000000       249.0580000000        36.8700000000    976
      553.4730000000       285.3250000000        10.5940000000    977
      553.9230000000       199.8200000000        11.7250000000    978
      556.8030000000       424.0860000000        13.2610000000    979
      557.2330000000       229.6500000000         8.8050000000    980
      558.2870000000       204.0240000000        18.7060000000    981
      558.9450000000       262.1610000000        17.6070000000    982
      559.2890000000       256.4660000000        18.0710000000    983
      559.6130000000       452.9770000000        14.3300000000    984
      560.3450000000       212.4370000000        70.2860000000    985
      560.4170000000       242.0930000000        12.4350000000    986
      560.9920000000       205.4360000000        52.1420000000    987
      561.5730000000       268.4500000000        10.3210000000    988
      562.2110000000       416.1710000000        19.8120000000    989
      563.7560000000       154.1780000000        23.1070000000    990
      565.1130000000       428.5970000000        26.8250000000    991
      565.4310000000       437.9700000000        17.6470000000    992
      565.9630000000       266.5690000000        46.6370000000    993
      567.0920000000       459.5740000000        12.3700000000    994
      568.1820000000       204.2800000000         9.9440000000    995
      569.0790000000       243.3350000000        24.3580000000    996
      569.5030000000       407.6510000000        17.9650000000    997
      570.2020000000       228.0710000000        43.4070000000    998
      570.1370000000       447.4610000000         2.8920000000    999
      570.5750000000       450.8980000000         7.6380000000   1000
      571.1420000000       237.0790000000        14.3180000000   1001
      572.4050000000       194.0820000000        21.7380000000   1002
      574.3150000000       416.0510000000        50.6950000000   1003
      576.3700000000       395.0180000000        12.1320000000   1004
      577.6830000000       222.4200000000         4.1400000000   1005
      578.2940000000       244.0550000000        33.3350000000   1006
      579.4390000000       173.6420000000        14.8840000000   1007
      581.2870000000       235.2600000000        24.1580000000   1008
      582.2450000000       210.6050000000        13.9500000000   1009
      589.6730000000       195.9120000000        13.7960000000   1010
      591.4810000000       219.1970000000        19.3210000000   1011
      592.7660000000       206.1720000000        15.4030000000   1012
      593.1230000000       231.1510000000        29.1160000000   1013
      593.6590000000       224.9090000000        37.2140000000   1014
      598.5560000000       255.3100000000        16.8340000000   1015
      600.4330000000       225.8740000000        51.8350000000   1016
      601.6920000000       234.3410000000        39.0460000000   1017
       82.9440000000       250.4950000000        88.9970000000   1018
      125.1240000000       253.2550000000        76.1390000000   1019
      128.9960000000       362.5700000000       105.1480000000   1020
      143.9260000000       278.3080000000        67.7620000000   1021
      162.9010000000       324.9030000000        53.1560000000   1022
      183.6820000000       252.1080000000        56.4480000000   1023
      193.0240000000       203.1640000000       109.0990000000   1024
      195.5550000000       164.4230000000        93.7380000000   1025
      220.9430000000       445.1670000000        79.2200000000   1026
      254.7560000000       305.5880000000        35.8570000000   1027
      324.2020000000       477.0160000000        26.0710000000   1028
      341.8130000000       244.9250000000        33.5670000000   1029
      367.0450000000       153.3840000000        86.8080000000   1030
      383.7780000000       353.3340000000        21.5810000000   1031
      401.8040000000       399.0390000000        10.7680000000   1032
      438.0870000000       234.0370000000        17.8050000000   1033
      549.4680000000       386.3860000000        12.6100000000   1034
